0.000000	1.244000	1.480695
4.000000E-6	1.244000	1.480695
8.000000E-6	1.244000	1.480695
1.200000E-5	1.244000	1.480895
1.600000E-5	1.244000	1.480695
2.000000E-5	1.244000	1.480695
2.400000E-5	1.244000	1.480695
2.800000E-5	1.244000	1.480895
3.200000E-5	1.244000	1.480695
3.600000E-5	1.244000	1.480695
4.000000E-5	1.244000	1.480695
4.400000E-5	1.244000	1.480695
4.800000E-5	1.244000	1.480895
5.200000E-5	1.244000	1.481095
5.600000E-5	1.244000	1.481095
6.000000E-5	1.244000	1.480895
6.400000E-5	1.244000	1.481095
6.800000E-5	1.244000	1.481095
7.200000E-5	1.244000	1.481095
7.600000E-5	1.244000	1.481295
8.000000E-5	1.244000	1.481295
8.400000E-5	1.244000	1.481295
8.800000E-5	1.244000	1.481295
9.200000E-5	1.244000	1.481295
9.600000E-5	1.244000	1.481295
0.000100	1.244000	1.481295
0.000104	1.244000	1.481295
0.000108	1.244000	1.481295
0.000112	1.244000	1.481495
0.000116	1.244000	1.481495
0.000120	1.244000	1.481495
0.000124	1.244000	1.481495
0.000128	1.244000	1.481495
0.000132	1.244000	1.481695
0.000136	1.244000	1.481495
0.000140	1.244000	1.481495
0.000144	1.244000	1.481495
0.000148	1.244000	1.481495
0.000152	1.244000	1.481495
0.000156	1.244000	1.481495
0.000160	1.244000	1.481495
0.000164	1.244000	1.481695
0.000168	1.244000	1.481695
0.000172	1.244000	1.481695
0.000176	1.244000	1.481695
0.000180	1.244000	1.481695
0.000184	1.244000	1.481695
0.000188	1.244000	1.481895
0.000192	1.244000	1.481895
0.000196	1.244000	1.481695
0.000200	1.244000	1.481895
0.000204	1.244000	1.481895
0.000208	1.244000	1.481895
0.000212	1.244000	1.481895
0.000216	1.244000	1.481895
0.000220	1.244000	1.482095
0.000224	1.244000	1.481895
0.000228	1.244000	1.481895
0.000232	1.244000	1.482095
0.000236	1.244000	1.482095
0.000240	1.244000	1.482095
0.000244	1.244000	1.482095
0.000248	1.244000	1.482095
0.000252	1.244000	1.482295
0.000256	1.244000	1.482095
0.000260	1.244000	1.482095
0.000264	1.244000	1.482295
0.000268	1.244000	1.482295
0.000272	1.244000	1.482295
0.000276	1.244000	1.482095
0.000280	1.244000	1.482095
0.000284	1.244000	1.482295
0.000288	1.244000	1.482295
0.000292	1.244000	1.482295
0.000296	1.244000	1.482295
0.000300	1.244000	1.482295
0.000304	1.244000	1.482295
0.000308	1.244000	1.482495
0.000312	1.244000	1.482495
0.000316	1.244000	1.482295
0.000320	1.244000	1.482495
0.000324	1.244000	1.482495
0.000328	1.244000	1.482495
0.000332	1.244000	1.482495
0.000336	1.244000	1.482695
0.000340	1.244000	1.482495
0.000344	1.244000	1.482495
0.000348	1.244000	1.482695
0.000352	1.244000	1.482695
0.000356	1.244000	1.482695
0.000360	1.244000	1.482695
0.000364	1.244000	1.482695
0.000368	1.244000	1.482895
0.000372	1.244000	1.482895
0.000376	1.244000	1.482895
0.000380	1.244000	1.482895
0.000384	1.244000	1.483095
0.000388	1.244000	1.482895
0.000392	1.244000	1.482895
0.000396	1.244000	1.483095
0.000400	1.244000	1.482895
0.000404	1.244000	1.482895
0.000408	1.244000	1.483095
0.000412	1.244000	1.482895
0.000416	1.244000	1.483095
0.000420	1.244000	1.482895
0.000424	1.244000	1.483095
0.000428	1.244000	1.483095
0.000432	1.244000	1.483095
0.000436	1.244000	1.483095
0.000440	1.244000	1.483095
0.000444	1.244000	1.483095
0.000448	1.244000	1.483295
0.000452	1.244000	1.483295
0.000456	1.244000	1.483295
0.000460	1.244000	1.483095
0.000464	1.244000	1.483295
0.000468	1.244000	1.483295
0.000472	1.244000	1.483295
0.000476	1.244000	1.483295
0.000480	1.244000	1.483295
0.000484	1.244000	1.483295
0.000488	1.244000	1.483295
0.000492	1.244000	1.483495
0.000496	1.244000	1.483495
0.000500	1.244000	1.483495
0.000504	1.244000	1.483495
0.000508	1.244000	1.483295
0.000512	1.244000	1.483495
0.000516	1.244000	1.483695
0.000520	1.244000	1.483495
0.000524	1.244000	1.483495
0.000528	1.244000	1.483495
0.000532	1.244000	1.483495
0.000536	1.244000	1.483695
0.000540	1.244000	1.483495
0.000544	1.244000	1.483695
0.000548	1.244000	1.483695
0.000552	1.244000	1.483695
0.000556	1.244000	1.483695
0.000560	1.244000	1.483895
0.000564	1.244000	1.483695
0.000568	1.244000	1.483695
0.000572	1.244000	1.483695
0.000576	1.244000	1.483895
0.000580	1.244000	1.483695
0.000584	1.244000	1.483895
0.000588	1.244000	1.483895
0.000592	1.244000	1.483895
0.000596	1.244000	1.484095
0.000600	1.244000	1.484095
0.000604	1.244000	1.484095
0.000608	1.244000	1.484095
0.000612	1.244000	1.484095
0.000616	1.244000	1.484095
0.000620	1.244000	1.484095
0.000624	1.244000	1.484295
0.000628	1.244000	1.484295
0.000632	1.244000	1.484295
0.000636	1.244000	1.484295
0.000640	1.244000	1.484095
0.000644	1.244000	1.484095
0.000648	1.244000	1.484295
0.000652	1.244000	1.484295
0.000656	1.244000	1.484295
0.000660	1.244000	1.484095
0.000664	1.244000	1.484295
0.000668	1.244000	1.484295
0.000672	1.244000	1.484295
0.000676	1.244000	1.484295
0.000680	1.244000	1.484295
0.000684	1.244000	1.484495
0.000688	1.244000	1.484295
0.000692	1.244000	1.484495
0.000696	1.244000	1.484495
0.000700	1.244000	1.484495
0.000704	1.244000	1.484295
0.000708	1.244000	1.484495
0.000712	1.244000	1.484495
0.000716	1.244000	1.484695
0.000720	1.244000	1.484495
0.000724	1.244000	1.484495
0.000728	1.244000	1.484695
0.000732	1.244000	1.484695
0.000736	1.244000	1.484495
0.000740	1.244000	1.484495
0.000744	1.244000	1.484495
0.000748	1.244000	1.484695
0.000752	1.244000	1.484695
0.000756	1.244000	1.484695
0.000760	1.244000	1.484695
0.000764	1.244000	1.484695
0.000768	1.244000	1.484895
0.000772	1.244000	1.484895
0.000776	1.244000	1.484695
0.000780	1.244000	1.484695
0.000784	1.244000	1.484895
0.000788	1.244000	1.484695
0.000792	1.244000	1.484895
0.000796	1.244000	1.484895
0.000800	1.244000	1.485095
0.000804	1.244000	1.485095
0.000808	1.244000	1.484895
0.000812	1.244000	1.485095
0.000816	1.244000	1.485095
0.000820	1.244000	1.485095
0.000824	1.244000	1.485095
0.000828	1.244000	1.485095
0.000832	1.244000	1.485295
0.000836	1.244000	1.485095
0.000840	1.244000	1.485095
0.000844	1.244000	1.485095
0.000848	1.244000	1.485095
0.000852	1.244000	1.485295
0.000856	1.244000	1.485295
0.000860	1.244000	1.485295
0.000864	1.244000	1.485295
0.000868	1.244000	1.485495
0.000872	1.244000	1.485295
0.000876	1.244000	1.485295
0.000880	1.244000	1.485295
0.000884	1.244000	1.485295
0.000888	1.244000	1.485295
0.000892	1.244000	1.485295
0.000896	1.244000	1.485495
0.000900	1.244000	1.485495
0.000904	1.244000	1.485495
0.000908	1.244000	1.485295
0.000912	1.244000	1.485295
0.000916	1.244000	1.485295
0.000920	1.244000	1.485495
0.000924	1.244000	1.485495
0.000928	1.244000	1.485495
0.000932	1.244000	1.485295
0.000936	1.244000	1.485495
0.000940	1.244000	1.485295
0.000944	1.244000	1.485695
0.000948	1.244000	1.485495
0.000952	1.244000	1.485695
0.000956	1.244000	1.485495
0.000960	1.244000	1.485695
0.000964	1.244000	1.485695
0.000968	1.244000	1.485695
0.000972	1.244000	1.485695
0.000976	1.244000	1.485695
0.000980	1.244000	1.485895
0.000984	1.244000	1.485695
0.000988	1.244000	1.485495
0.000992	1.244000	1.485695
0.000996	1.244000	1.485695
0.001000	1.244000	1.485695
0.001004	1.244000	1.485895
0.001008	1.244000	1.485895
0.001012	1.244000	1.485895
0.001016	1.244000	1.485695
0.001020	1.244000	1.485895
0.001024	1.244000	1.486095
0.001028	1.244000	1.485895
0.001032	1.244000	1.486095
0.001036	1.244000	1.486095
0.001040	1.244000	1.486095
0.001044	1.244000	1.486095
0.001048	1.244000	1.486095
0.001052	1.244000	1.486095
0.001056	1.244000	1.486095
0.001060	1.244000	1.486095
0.001064	1.244000	1.486095
0.001068	1.244000	1.486095
0.001072	1.244000	1.486095
0.001076	1.244000	1.486095
0.001080	1.244000	1.486295
0.001084	1.244000	1.486295
0.001088	1.244000	1.486295
0.001092	1.244000	1.486295
0.001096	1.244000	1.486295
0.001100	1.244000	1.486295
0.001104	1.244000	1.486295
0.001108	1.244000	1.486295
0.001112	1.244000	1.486295
0.001116	1.244000	1.486295
0.001120	1.244000	1.486295
0.001124	1.244000	1.486495
0.001128	1.244000	1.486495
0.001132	1.244000	1.486495
0.001136	1.244000	1.486495
0.001140	1.244000	1.486495
0.001144	1.244000	1.486495
0.001148	1.244000	1.486495
0.001152	1.244000	1.486495
0.001156	1.244000	1.486495
0.001160	1.244000	1.486495
0.001164	1.244000	1.486495
0.001168	1.244000	1.486495
0.001172	1.244000	1.486495
0.001176	1.244000	1.486495
0.001180	1.244000	1.486495
0.001184	1.244000	1.486695
0.001188	1.244000	1.486695
0.001192	1.244000	1.486895
0.001196	1.244000	1.486695
0.001200	1.244000	1.486695
0.001204	1.244000	1.486695
0.001208	1.244000	1.486695
0.001212	1.244000	1.486695
0.001216	1.244000	1.486695
0.001220	1.244000	1.486895
0.001224	1.244000	1.486695
0.001228	1.244000	1.486695
0.001232	1.244000	1.486895
0.001236	1.244000	1.486895
0.001240	1.244000	1.486695
0.001244	1.244000	1.486695
0.001248	1.244000	1.486895
0.001252	1.244000	1.486895
0.001256	1.244000	1.486895
0.001260	1.244000	1.486895
0.001264	1.244000	1.486895
0.001268	1.244000	1.487095
0.001272	1.244000	1.486695
0.001276	1.244000	1.486895
0.001280	1.244000	1.487095
0.001284	1.244000	1.486895
0.001288	1.244000	1.487095
0.001292	1.244000	1.486895
0.001296	1.244000	1.487095
0.001300	1.244000	1.487095
0.001304	1.244000	1.486895
0.001308	1.244000	1.487095
0.001312	1.244000	1.487095
0.001316	1.244000	1.487295
0.001320	1.244000	1.487095
0.001324	1.244000	1.487095
0.001328	1.244000	1.487095
0.001332	1.244000	1.487095
0.001336	1.244000	1.487095
0.001340	1.244000	1.487295
0.001344	1.244000	1.487295
0.001348	1.244000	1.487095
0.001352	1.244000	1.487295
0.001356	1.244000	1.487295
0.001360	1.244000	1.487295
0.001364	1.244000	1.487295
0.001368	1.244000	1.487295
0.001372	1.244000	1.487295
0.001376	1.244000	1.487295
0.001380	1.244000	1.487495
0.001384	1.244000	1.487295
0.001388	1.244000	1.487495
0.001392	1.244000	1.487495
0.001396	1.244000	1.487295
0.001400	1.244000	1.487495
0.001404	1.244000	1.487495
0.001408	1.244000	1.487495
0.001412	1.244000	1.487695
0.001416	1.244000	1.487495
0.001420	1.244000	1.487695
0.001424	1.244000	1.487695
0.001428	1.244000	1.487695
0.001432	1.244000	1.487695
0.001436	1.244000	1.487695
0.001440	1.244000	1.487695
0.001444	1.244000	1.487495
0.001448	1.244000	1.487695
0.001452	1.244000	1.487695
0.001456	1.244000	1.487695
0.001460	1.244000	1.487695
0.001464	1.244000	1.487695
0.001468	1.244000	1.487695
0.001472	1.244000	1.487895
0.001476	1.244000	1.487695
0.001480	1.244000	1.487695
0.001484	1.244000	1.487695
0.001488	1.244000	1.487695
0.001492	1.244000	1.487895
0.001496	1.244000	1.487895
0.001500	1.244000	1.487895
0.001504	1.244000	1.488095
0.001508	1.244000	1.487895
0.001512	1.244000	1.488095
0.001516	1.244000	1.487895
0.001520	1.244000	1.487895
0.001524	1.244000	1.487895
0.001528	1.244000	1.488095
0.001532	1.244000	1.487895
0.001536	1.244000	1.488095
0.001540	1.244000	1.487895
0.001544	1.244000	1.487895
0.001548	1.244000	1.487895
0.001552	1.244000	1.487895
0.001556	1.244000	1.488095
0.001560	1.244000	1.487895
0.001564	1.244000	1.487895
0.001568	1.244000	1.488095
0.001572	1.244000	1.488095
0.001576	1.244000	1.488095
0.001580	1.244000	1.488095
0.001584	1.244000	1.488095
0.001588	1.244000	1.488095
0.001592	1.244000	1.487895
0.001596	1.244000	1.488295
0.001600	1.244000	1.488295
0.001604	1.244000	1.488295
0.001608	1.244000	1.488295
0.001612	1.244000	1.488295
0.001616	1.244000	1.488295
0.001620	1.244000	1.488495
0.001624	1.244000	1.488295
0.001628	1.244000	1.488295
0.001632	1.244000	1.488295
0.001636	1.244000	1.488295
0.001640	1.244000	1.488295
0.001644	1.244000	1.488495
0.001648	1.244000	1.488495
0.001652	1.244000	1.488495
0.001656	1.244000	1.488495
0.001660	1.244000	1.488495
0.001664	1.244000	1.488495
0.001668	1.244000	1.488495
0.001672	1.244000	1.488495
0.001676	1.244000	1.488495
0.001680	1.244000	1.488695
0.001684	1.244000	1.488495
0.001688	1.244000	1.488495
0.001692	1.244000	1.488495
0.001696	1.244000	1.488495
0.001700	1.244000	1.488695
0.001704	1.244000	1.488695
0.001708	1.244000	1.488495
0.001712	1.244000	1.488495
0.001716	1.244000	1.488695
0.001720	1.244000	1.488695
0.001724	1.244000	1.488495
0.001728	1.244000	1.488695
0.001732	1.244000	1.488695
0.001736	1.244000	1.488695
0.001740	1.244000	1.488695
0.001744	1.244000	1.488895
0.001748	1.244000	1.488695
0.001752	1.244000	1.488895
0.001756	1.244000	1.488695
0.001760	1.244000	1.488695
0.001764	1.244000	1.488695
0.001768	1.244000	1.488895
0.001772	1.244000	1.488695
0.001776	1.244000	1.488695
0.001780	1.244000	1.488895
0.001784	1.244000	1.488895
0.001788	1.244000	1.488695
0.001792	1.244000	1.488895
0.001796	1.244000	1.488895
0.001800	1.484000	1.488695
0.001804	1.944000	1.488695
0.001808	2.076000	1.488895
0.001812	2.112000	1.488695
0.001816	2.124000	1.488895
0.001820	2.128000	1.488895
0.001824	2.128000	1.488895
0.001828	2.128000	1.488895
0.001832	2.128000	1.488695
0.001836	2.128000	1.488895
0.001840	2.128000	1.488895
0.001844	2.124000	1.488895
0.001848	2.128000	1.488895
0.001852	2.124000	1.488895
0.001856	2.124000	1.489095
0.001860	2.128000	1.489095
0.001864	2.124000	1.489095
0.001868	2.124000	1.488895
0.001872	2.124000	1.488895
0.001876	2.124000	1.488895
0.001880	2.120000	1.489095
0.001884	2.124000	1.489295
0.001888	2.120000	1.489095
0.001892	2.124000	1.489095
0.001896	2.120000	1.489295
0.001900	2.120000	1.489295
0.001904	2.120000	1.489095
0.001908	2.116000	1.488895
0.001912	2.116000	1.489295
0.001916	2.116000	1.489295
0.001920	2.116000	1.489295
0.001924	2.116000	1.489295
0.001928	2.116000	1.489295
0.001932	2.116000	1.489295
0.001936	2.112000	1.489295
0.001940	2.116000	1.489295
0.001944	2.112000	1.489295
0.001948	2.112000	1.489095
0.001952	2.112000	1.489495
0.001956	2.112000	1.489295
0.001960	2.112000	1.489295
0.001964	2.108000	1.489295
0.001968	2.108000	1.489295
0.001972	2.108000	1.489295
0.001976	2.108000	1.489295
0.001980	2.104000	1.489495
0.001984	2.108000	1.489495
0.001988	2.104000	1.489495
0.001992	2.104000	1.489295
0.001996	2.104000	1.489495
0.002000	2.104000	1.489495
0.002004	2.104000	1.489495
0.002008	2.104000	1.489495
0.002012	2.100000	1.489295
0.002016	2.100000	1.489495
0.002020	2.100000	1.489495
0.002024	2.100000	1.489495
0.002028	2.100000	1.489695
0.002032	2.100000	1.489695
0.002036	2.096000	1.489295
0.002040	2.096000	1.489295
0.002044	2.096000	1.489495
0.002048	2.096000	1.489695
0.002052	2.096000	1.489695
0.002056	2.096000	1.489495
0.002060	2.096000	1.489495
0.002064	2.096000	1.489695
0.002068	2.096000	1.489695
0.002072	2.092000	1.489495
0.002076	2.092000	1.489895
0.002080	2.092000	1.489495
0.002084	2.092000	1.489695
0.002088	2.092000	1.489695
0.002092	2.088000	1.489895
0.002096	2.088000	1.489695
0.002100	2.088000	1.489695
0.002104	2.088000	1.489695
0.002108	2.088000	1.489695
0.002112	2.084000	1.489695
0.002116	2.084000	1.489895
0.002120	2.084000	1.489895
0.002124	2.084000	1.489695
0.002128	2.088000	1.489695
0.002132	2.084000	1.489695
0.002136	2.084000	1.489895
0.002140	2.084000	1.489895
0.002144	2.084000	1.489695
0.002148	2.084000	1.489895
0.002152	2.080000	1.489895
0.002156	2.080000	1.489895
0.002160	2.080000	1.489895
0.002164	2.080000	1.489895
0.002168	2.080000	1.489895
0.002172	2.080000	1.489895
0.002176	2.080000	1.490095
0.002180	2.080000	1.490095
0.002184	2.076000	1.489895
0.002188	2.080000	1.490095
0.002192	2.076000	1.490095
0.002196	2.076000	1.489895
0.002200	2.076000	1.489895
0.002204	2.076000	1.490095
0.002208	2.076000	1.490095
0.002212	2.072000	1.490095
0.002216	2.076000	1.490295
0.002220	2.072000	1.490095
0.002224	2.076000	1.490095
0.002228	2.072000	1.490295
0.002232	2.072000	1.490095
0.002236	2.072000	1.490295
0.002240	2.068000	1.490295
0.002244	2.072000	1.490295
0.002248	2.068000	1.490295
0.002252	2.068000	1.490295
0.002256	2.068000	1.490095
0.002260	2.068000	1.490295
0.002264	2.068000	1.490295
0.002268	2.068000	1.490295
0.002272	2.068000	1.490295
0.002276	2.068000	1.490295
0.002280	2.068000	1.490295
0.002284	2.068000	1.490295
0.002288	2.064000	1.490495
0.002292	2.064000	1.490295
0.002296	2.064000	1.490295
0.002300	2.064000	1.490295
0.002304	2.064000	1.490495
0.002308	2.064000	1.490495
0.002312	2.064000	1.490495
0.002316	2.064000	1.490495
0.002320	2.060000	1.490295
0.002324	2.060000	1.490295
0.002328	2.060000	1.490295
0.002332	2.060000	1.490295
0.002336	2.060000	1.490295
0.002340	2.060000	1.490495
0.002344	2.060000	1.490495
0.002348	2.060000	1.490295
0.002352	2.060000	1.490495
0.002356	2.060000	1.490495
0.002360	2.060000	1.490495
0.002364	2.060000	1.490495
0.002368	2.056000	1.490495
0.002372	2.056000	1.490495
0.002376	2.056000	1.490495
0.002380	2.056000	1.490695
0.002384	2.056000	1.490495
0.002388	2.056000	1.490695
0.002392	2.056000	1.490495
0.002396	2.052000	1.490495
0.002400	2.052000	1.490495
0.002404	2.052000	1.490495
0.002408	2.052000	1.490695
0.002412	2.052000	1.490695
0.002416	2.052000	1.490495
0.002420	2.052000	1.490495
0.002424	2.052000	1.490695
0.002428	2.052000	1.490495
0.002432	2.052000	1.490695
0.002436	2.048000	1.490695
0.002440	2.048000	1.490695
0.002444	2.052000	1.490895
0.002448	2.048000	1.490695
0.002452	2.048000	1.490695
0.002456	2.048000	1.490895
0.002460	2.048000	1.490895
0.002464	2.048000	1.490895
0.002468	2.048000	1.490895
0.002472	2.048000	1.490895
0.002476	2.048000	1.490895
0.002480	2.044000	1.490695
0.002484	2.044000	1.490895
0.002488	2.044000	1.490895
0.002492	2.044000	1.490895
0.002496	2.044000	1.490695
0.002500	2.044000	1.490895
0.002504	2.044000	1.490695
0.002508	2.044000	1.490895
0.002512	2.044000	1.490895
0.002516	2.044000	1.490895
0.002520	2.040000	1.490895
0.002524	2.044000	1.490895
0.002528	2.044000	1.490695
0.002532	2.044000	1.490695
0.002536	2.040000	1.490895
0.002540	2.040000	1.490895
0.002544	2.040000	1.490895
0.002548	2.040000	1.490895
0.002552	2.040000	1.491095
0.002556	2.036000	1.490895
0.002560	2.040000	1.491095
0.002564	2.040000	1.490895
0.002568	2.040000	1.490895
0.002572	2.040000	1.491095
0.002576	2.040000	1.490895
0.002580	2.036000	1.491095
0.002584	2.040000	1.491095
0.002588	2.036000	1.490895
0.002592	2.036000	1.491095
0.002596	2.036000	1.491095
0.002600	2.036000	1.491095
0.002604	2.036000	1.491095
0.002608	2.036000	1.491095
0.002612	2.036000	1.491095
0.002616	2.036000	1.491095
0.002620	2.032000	1.491095
0.002624	2.036000	1.491095
0.002628	2.036000	1.491295
0.002632	2.036000	1.491295
0.002636	2.032000	1.491095
0.002640	2.032000	1.491295
0.002644	2.032000	1.491095
0.002648	2.032000	1.491095
0.002652	2.032000	1.491295
0.002656	2.032000	1.491295
0.002660	2.032000	1.491095
0.002664	2.032000	1.491095
0.002668	2.032000	1.491295
0.002672	2.028000	1.491295
0.002676	2.028000	1.491295
0.002680	2.028000	1.491295
0.002684	2.028000	1.491095
0.002688	2.028000	1.491095
0.002692	2.028000	1.491095
0.002696	2.028000	1.491095
0.002700	2.024000	1.491295
0.002704	2.028000	1.491295
0.002708	2.024000	1.491295
0.002712	2.024000	1.491295
0.002716	2.024000	1.491295
0.002720	2.024000	1.491295
0.002724	2.028000	1.491295
0.002728	2.024000	1.491295
0.002732	2.024000	1.491295
0.002736	2.024000	1.491295
0.002740	2.024000	1.491295
0.002744	2.024000	1.491295
0.002748	2.024000	1.491295
0.002752	2.024000	1.491095
0.002756	2.024000	1.491495
0.002760	2.024000	1.491495
0.002764	2.020000	1.491495
0.002768	2.024000	1.491495
0.002772	2.024000	1.491495
0.002776	2.020000	1.491295
0.002780	2.020000	1.491495
0.002784	2.020000	1.491295
0.002788	2.020000	1.491495
0.002792	2.020000	1.491495
0.002796	2.020000	1.491495
0.002800	2.020000	1.491495
0.002804	2.020000	1.491495
0.002808	2.020000	1.491495
0.002812	2.020000	1.491495
0.002816	2.016000	1.491695
0.002820	2.016000	1.491695
0.002824	2.016000	1.491495
0.002828	2.016000	1.491495
0.002832	2.016000	1.491495
0.002836	2.016000	1.491495
0.002840	2.016000	1.491495
0.002844	2.016000	1.491495
0.002848	2.016000	1.491695
0.002852	2.016000	1.491495
0.002856	2.016000	1.491495
0.002860	2.016000	1.491695
0.002864	2.012000	1.491495
0.002868	2.016000	1.491495
0.002872	2.012000	1.491495
0.002876	2.012000	1.491495
0.002880	2.012000	1.491495
0.002884	2.012000	1.491495
0.002888	2.012000	1.491695
0.002892	2.012000	1.491695
0.002896	2.012000	1.491695
0.002900	2.012000	1.491895
0.002904	2.012000	1.491695
0.002908	2.012000	1.491695
0.002912	2.012000	1.491495
0.002916	2.012000	1.491695
0.002920	2.008000	1.491695
0.002924	2.012000	1.491495
0.002928	2.012000	1.491495
0.002932	2.012000	1.491695
0.002936	2.008000	1.491495
0.002940	2.008000	1.491495
0.002944	2.008000	1.491695
0.002948	2.008000	1.491895
0.002952	2.008000	1.491695
0.002956	2.008000	1.491695
0.002960	2.008000	1.491895
0.002964	2.008000	1.491895
0.002968	2.008000	1.491695
0.002972	2.008000	1.491895
0.002976	2.008000	1.491895
0.002980	2.004000	1.491895
0.002984	2.008000	1.491895
0.002988	2.008000	1.491695
0.002992	2.004000	1.491695
0.002996	2.008000	1.491695
0.003000	2.008000	1.491895
0.003004	2.004000	1.491695
0.003008	2.004000	1.491895
0.003012	2.004000	1.491695
0.003016	2.004000	1.491695
0.003020	2.004000	1.491695
0.003024	2.008000	1.491695
0.003028	2.004000	1.491695
0.003032	2.004000	1.491895
0.003036	2.004000	1.491695
0.003040	2.004000	1.491895
0.003044	2.004000	1.491695
0.003048	2.004000	1.491895
0.003052	2.000000	1.491695
0.003056	2.004000	1.491895
0.003060	2.004000	1.491695
0.003064	2.000000	1.491695
0.003068	2.000000	1.491895
0.003072	2.000000	1.491895
0.003076	2.000000	1.491695
0.003080	2.000000	1.491695
0.003084	2.000000	1.491695
0.003088	2.000000	1.491695
0.003092	2.000000	1.491895
0.003096	2.000000	1.491695
0.003100	2.000000	1.491695
0.003104	2.000000	1.491695
0.003108	2.000000	1.491695
0.003112	2.000000	1.491895
0.003116	2.000000	1.491895
0.003120	2.000000	1.491895
0.003124	2.000000	1.491695
0.003128	2.000000	1.491895
0.003132	1.996000	1.491695
0.003136	1.996000	1.491895
0.003140	2.000000	1.491895
0.003144	1.996000	1.491895
0.003148	1.996000	1.491895
0.003152	1.996000	1.491895
0.003156	1.996000	1.491895
0.003160	1.996000	1.491695
0.003164	1.996000	1.491895
0.003168	1.996000	1.491695
0.003172	1.996000	1.491895
0.003176	1.996000	1.491695
0.003180	1.996000	1.491695
0.003184	1.996000	1.491695
0.003188	1.992000	1.491695
0.003192	1.992000	1.491495
0.003196	1.996000	1.491695
0.003200	1.996000	1.491495
0.003204	1.992000	1.491495
0.003208	1.992000	1.491695
0.003212	1.992000	1.491495
0.003216	1.992000	1.491695
0.003220	1.992000	1.491695
0.003224	1.992000	1.491495
0.003228	1.992000	1.491695
0.003232	1.988000	1.491495
0.003236	1.992000	1.491495
0.003240	1.992000	1.491495
0.003244	1.992000	1.491495
0.003248	1.992000	1.491295
0.003252	1.992000	1.491495
0.003256	1.992000	1.491295
0.003260	1.988000	1.491495
0.003264	1.988000	1.491295
0.003268	1.988000	1.491295
0.003272	1.988000	1.491095
0.003276	1.988000	1.491095
0.003280	1.988000	1.491095
0.003284	1.988000	1.491095
0.003288	1.988000	1.491095
0.003292	1.988000	1.491095
0.003296	1.988000	1.490895
0.003300	1.988000	1.490895
0.003304	1.988000	1.490895
0.003308	1.988000	1.490895
0.003312	1.984000	1.490895
0.003316	1.984000	1.490695
0.003320	1.988000	1.490695
0.003324	1.984000	1.490695
0.003328	1.984000	1.490695
0.003332	1.988000	1.490495
0.003336	1.984000	1.490495
0.003340	1.984000	1.490495
0.003344	1.984000	1.490495
0.003348	1.984000	1.490295
0.003352	1.984000	1.490095
0.003356	1.984000	1.490095
0.003360	1.984000	1.490095
0.003364	1.984000	1.489895
0.003368	1.984000	1.489895
0.003372	1.984000	1.489695
0.003376	1.980000	1.489695
0.003380	1.984000	1.489495
0.003384	1.984000	1.489495
0.003388	1.984000	1.489495
0.003392	1.980000	1.489495
0.003396	1.980000	1.489095
0.003400	1.984000	1.489095
0.003404	1.980000	1.489095
0.003408	1.980000	1.488895
0.003412	1.980000	1.488695
0.003416	1.980000	1.488695
0.003420	1.980000	1.488295
0.003424	1.980000	1.488295
0.003428	1.980000	1.488295
0.003432	1.980000	1.488095
0.003436	1.980000	1.487895
0.003440	1.980000	1.487495
0.003444	1.980000	1.487495
0.003448	1.980000	1.487495
0.003452	1.980000	1.487295
0.003456	1.980000	1.487095
0.003460	1.980000	1.486695
0.003464	1.980000	1.486495
0.003468	1.980000	1.486295
0.003472	1.980000	1.486095
0.003476	1.976000	1.485895
0.003480	1.976000	1.485695
0.003484	1.976000	1.485495
0.003488	1.980000	1.485295
0.003492	1.976000	1.484895
0.003496	1.976000	1.484695
0.003500	1.976000	1.484295
0.003504	1.980000	1.484295
0.003508	1.976000	1.483695
0.003512	1.976000	1.483695
0.003516	1.976000	1.483295
0.003520	1.976000	1.482895
0.003524	1.976000	1.482695
0.003528	1.972000	1.482495
0.003532	1.972000	1.482295
0.003536	1.972000	1.481695
0.003540	1.976000	1.481895
0.003544	1.972000	1.481495
0.003548	1.976000	1.481095
0.003552	1.972000	1.480895
0.003556	1.972000	1.480695
0.003560	1.972000	1.480295
0.003564	1.972000	1.480095
0.003568	1.976000	1.479695
0.003572	1.972000	1.479495
0.003576	1.972000	1.479295
0.003580	1.972000	1.479295
0.003584	1.972000	1.478895
0.003588	1.972000	1.478695
0.003592	1.972000	1.478495
0.003596	1.972000	1.478295
0.003600	1.972000	1.478095
0.003604	1.972000	1.477895
0.003608	1.972000	1.477895
0.003612	1.972000	1.477495
0.003616	1.972000	1.477495
0.003620	1.972000	1.477295
0.003624	1.968000	1.477095
0.003628	1.968000	1.476895
0.003632	1.968000	1.476695
0.003636	1.968000	1.476494
0.003640	1.968000	1.476494
0.003644	1.968000	1.476294
0.003648	1.968000	1.476094
0.003652	1.968000	1.475894
0.003656	1.968000	1.475894
0.003660	1.968000	1.475894
0.003664	1.968000	1.475694
0.003668	1.968000	1.475694
0.003672	1.968000	1.475694
0.003676	1.968000	1.475494
0.003680	1.968000	1.475494
0.003684	1.968000	1.475294
0.003688	1.968000	1.475294
0.003692	1.964000	1.475294
0.003696	1.968000	1.475294
0.003700	1.964000	1.475094
0.003704	1.968000	1.475094
0.003708	1.968000	1.475094
0.003712	1.964000	1.474894
0.003716	1.964000	1.475094
0.003720	1.964000	1.474894
0.003724	1.964000	1.474894
0.003728	1.964000	1.474894
0.003732	1.964000	1.474894
0.003736	1.964000	1.474894
0.003740	1.964000	1.474894
0.003744	1.964000	1.474894
0.003748	1.964000	1.474894
0.003752	1.964000	1.474894
0.003756	1.964000	1.474894
0.003760	1.964000	1.474894
0.003764	1.964000	1.474894
0.003768	1.964000	1.474694
0.003772	1.960000	1.474694
0.003776	1.964000	1.474694
0.003780	1.960000	1.474894
0.003784	1.964000	1.474894
0.003788	1.960000	1.474694
0.003792	1.960000	1.474894
0.003796	1.956000	1.474894
0.003800	1.960000	1.474894
0.003804	1.960000	1.474894
0.003808	1.960000	1.474894
0.003812	1.960000	1.474694
0.003816	1.960000	1.474894
0.003820	1.960000	1.474694
0.003824	1.960000	1.474694
0.003828	1.960000	1.474894
0.003832	1.960000	1.474694
0.003836	1.960000	1.474694
0.003840	1.960000	1.474894
0.003844	1.960000	1.474894
0.003848	1.956000	1.474894
0.003852	1.960000	1.474894
0.003856	1.960000	1.474894
0.003860	1.956000	1.474894
0.003864	1.960000	1.475094
0.003868	1.960000	1.474894
0.003872	1.960000	1.475094
0.003876	1.956000	1.475094
0.003880	1.956000	1.475094
0.003884	1.956000	1.475094
0.003888	1.956000	1.475094
0.003892	1.956000	1.475094
0.003896	1.956000	1.475294
0.003900	1.956000	1.475094
0.003904	1.956000	1.475094
0.003908	1.956000	1.475094
0.003912	1.956000	1.475294
0.003916	1.952000	1.475094
0.003920	1.956000	1.475294
0.003924	1.956000	1.475294
0.003928	1.952000	1.475294
0.003932	1.956000	1.475094
0.003936	1.956000	1.475294
0.003940	1.956000	1.475294
0.003944	1.952000	1.475294
0.003948	1.956000	1.475294
0.003952	1.952000	1.475094
0.003956	1.952000	1.475494
0.003960	1.952000	1.475494
0.003964	1.952000	1.475494
0.003968	1.952000	1.475494
0.003972	1.952000	1.475494
0.003976	1.952000	1.475494
0.003980	1.952000	1.475494
0.003984	1.952000	1.475494
0.003988	1.952000	1.475694
0.003992	1.952000	1.475694
0.003996	1.952000	1.475494
0.004000	1.952000	1.475694
0.004004	1.952000	1.475694
0.004008	1.952000	1.475694
0.004012	1.952000	1.475694
0.004016	1.952000	1.475894
0.004020	1.952000	1.475694
0.004024	1.952000	1.475694
0.004028	1.952000	1.475694
0.004032	1.948000	1.475694
0.004036	1.952000	1.475894
0.004040	1.948000	1.475894
0.004044	1.948000	1.475694
0.004048	1.948000	1.475894
0.004052	1.948000	1.475694
0.004056	1.948000	1.475894
0.004060	1.948000	1.476094
0.004064	1.948000	1.475894
0.004068	1.948000	1.475894
0.004072	1.948000	1.476094
0.004076	1.948000	1.476094
0.004080	1.948000	1.476294
0.004084	1.948000	1.476294
0.004088	1.948000	1.476094
0.004092	1.948000	1.476294
0.004096	1.948000	1.476094
0.004100	1.948000	1.476294
0.004104	1.948000	1.476094
0.004108	1.948000	1.476294
0.004112	1.948000	1.476094
0.004116	1.944000	1.476294
0.004120	1.948000	1.476294
0.004124	1.948000	1.476294
0.004128	1.948000	1.476294
0.004132	1.944000	1.476494
0.004136	1.944000	1.476294
0.004140	1.948000	1.476494
0.004144	1.944000	1.476494
0.004148	1.944000	1.476294
0.004152	1.944000	1.476494
0.004156	1.944000	1.476695
0.004160	1.944000	1.476895
0.004164	1.944000	1.476895
0.004168	1.944000	1.476494
0.004172	1.944000	1.476695
0.004176	1.940000	1.476895
0.004180	1.944000	1.476895
0.004184	1.944000	1.476895
0.004188	1.944000	1.477095
0.004192	1.944000	1.477095
0.004196	1.944000	1.476895
0.004200	1.944000	1.476695
0.004204	1.940000	1.476895
0.004208	1.944000	1.476895
0.004212	1.940000	1.476895
0.004216	1.940000	1.477095
0.004220	1.940000	1.476895
0.004224	1.940000	1.477095
0.004228	1.940000	1.477095
0.004232	1.940000	1.477295
0.004236	1.940000	1.477095
0.004240	1.940000	1.477295
0.004244	1.940000	1.477295
0.004248	1.940000	1.477295
0.004252	1.940000	1.477295
0.004256	1.940000	1.477295
0.004260	1.940000	1.477495
0.004264	1.940000	1.477295
0.004268	1.940000	1.477295
0.004272	1.940000	1.477295
0.004276	1.940000	1.477495
0.004280	1.940000	1.477495
0.004284	1.940000	1.477295
0.004288	1.940000	1.477495
0.004292	1.940000	1.477495
0.004296	1.940000	1.477495
0.004300	1.940000	1.477495
0.004304	1.936000	1.477495
0.004308	1.936000	1.477695
0.004312	1.936000	1.477695
0.004316	1.940000	1.477695
0.004320	1.936000	1.477695
0.004324	1.936000	1.477695
0.004328	1.936000	1.477695
0.004332	1.936000	1.477695
0.004336	1.936000	1.477695
0.004340	1.936000	1.477695
0.004344	1.936000	1.477895
0.004348	1.936000	1.477895
0.004352	1.936000	1.477895
0.004356	1.936000	1.477895
0.004360	1.936000	1.477895
0.004364	1.936000	1.478095
0.004368	1.936000	1.477895
0.004372	1.936000	1.478095
0.004376	1.936000	1.478095
0.004380	1.936000	1.478295
0.004384	1.936000	1.478295
0.004388	1.936000	1.478095
0.004392	1.936000	1.478295
0.004396	1.936000	1.478295
0.004400	1.936000	1.478295
0.004404	1.936000	1.478295
0.004408	1.936000	1.478295
0.004412	1.936000	1.478295
0.004416	1.932000	1.478495
0.004420	1.936000	1.478495
0.004424	1.936000	1.478295
0.004428	1.932000	1.478495
0.004432	1.932000	1.478495
0.004436	1.932000	1.478495
0.004440	1.932000	1.478495
0.004444	1.932000	1.478695
0.004448	1.932000	1.478495
0.004452	1.932000	1.478695
0.004456	1.932000	1.478695
0.004460	1.932000	1.478695
0.004464	1.932000	1.478695
0.004468	1.932000	1.478695
0.004472	1.932000	1.478895
0.004476	1.932000	1.478695
0.004480	1.932000	1.478895
0.004484	1.932000	1.478895
0.004488	1.932000	1.478895
0.004492	1.928000	1.478895
0.004496	1.932000	1.478895
0.004500	1.928000	1.479095
0.004504	1.932000	1.479095
0.004508	1.928000	1.479095
0.004512	1.928000	1.479295
0.004516	1.932000	1.479095
0.004520	1.932000	1.479095
0.004524	1.932000	1.479095
0.004528	1.928000	1.479095
0.004532	1.928000	1.478895
0.004536	1.928000	1.479095
0.004540	1.928000	1.479095
0.004544	1.928000	1.479295
0.004548	1.928000	1.479295
0.004552	1.928000	1.479295
0.004556	1.928000	1.479095
0.004560	1.928000	1.479295
0.004564	1.928000	1.479295
0.004568	1.928000	1.479295
0.004572	1.928000	1.479295
0.004576	1.928000	1.479295
0.004580	1.928000	1.479295
0.004584	1.928000	1.479295
0.004588	1.928000	1.479295
0.004592	1.928000	1.479495
0.004596	1.928000	1.479495
0.004600	1.928000	1.479495
0.004604	1.928000	1.479495
0.004608	1.928000	1.479695
0.004612	1.928000	1.479495
0.004616	1.928000	1.479495
0.004620	1.924000	1.479695
0.004624	1.924000	1.479695
0.004628	1.924000	1.479695
0.004632	1.928000	1.479695
0.004636	1.924000	1.479895
0.004640	1.924000	1.479895
0.004644	1.924000	1.479895
0.004648	1.924000	1.479895
0.004652	1.924000	1.479895
0.004656	1.924000	1.479895
0.004660	1.924000	1.479895
0.004664	1.924000	1.479895
0.004668	1.924000	1.479895
0.004672	1.924000	1.479895
0.004676	1.924000	1.479895
0.004680	1.924000	1.479895
0.004684	1.924000	1.479895
0.004688	1.924000	1.480095
0.004692	1.924000	1.480095
0.004696	1.924000	1.480095
0.004700	1.924000	1.480095
0.004704	1.920000	1.480095
0.004708	1.924000	1.480095
0.004712	1.924000	1.480295
0.004716	1.924000	1.480495
0.004720	1.920000	1.480295
0.004724	1.924000	1.480295
0.004728	1.924000	1.480495
0.004732	1.924000	1.480295
0.004736	1.924000	1.480495
0.004740	1.920000	1.480695
0.004744	1.920000	1.480495
0.004748	1.920000	1.480495
0.004752	1.920000	1.480495
0.004756	1.920000	1.480495
0.004760	1.920000	1.480495
0.004764	1.920000	1.480495
0.004768	1.920000	1.480695
0.004772	1.920000	1.480495
0.004776	1.920000	1.480695
0.004780	1.920000	1.480495
0.004784	1.920000	1.480695
0.004788	1.920000	1.480695
0.004792	1.920000	1.480695
0.004796	1.920000	1.480495
0.004800	1.920000	1.480695
0.004804	1.920000	1.480695
0.004808	1.920000	1.480695
0.004812	1.920000	1.480695
0.004816	1.920000	1.480895
0.004820	1.920000	1.480695
0.004824	1.916000	1.480695
0.004828	1.920000	1.480695
0.004832	1.916000	1.480895
0.004836	1.916000	1.480895
0.004840	1.916000	1.481095
0.004844	1.920000	1.480895
0.004848	1.920000	1.480895
0.004852	1.916000	1.480895
0.004856	1.916000	1.480895
0.004860	1.916000	1.481095
0.004864	1.916000	1.481295
0.004868	1.916000	1.481095
0.004872	1.916000	1.481295
0.004876	1.916000	1.481095
0.004880	1.916000	1.481095
0.004884	1.916000	1.481095
0.004888	1.916000	1.481295
0.004892	1.916000	1.481295
0.004896	1.916000	1.481095
0.004900	1.916000	1.481295
0.004904	1.916000	1.481295
0.004908	1.916000	1.481495
0.004912	1.916000	1.481495
0.004916	1.916000	1.481495
0.004920	1.916000	1.481295
0.004924	1.916000	1.481495
0.004928	1.912000	1.481495
0.004932	1.916000	1.481495
0.004936	1.916000	1.481495
0.004940	1.916000	1.481695
0.004944	1.912000	1.481295
0.004948	1.916000	1.481495
0.004952	1.916000	1.481495
0.004956	1.912000	1.481495
0.004960	1.916000	1.481695
0.004964	1.912000	1.481695
0.004968	1.912000	1.481695
0.004972	1.912000	1.481695
0.004976	1.912000	1.481695
0.004980	1.912000	1.481895
0.004984	1.912000	1.481695
0.004988	1.912000	1.481895
0.004992	1.916000	1.481695
0.004996	1.912000	1.481695
0.005000	1.912000	1.481895
0.005004	1.912000	1.481695
0.005008	1.912000	1.481895
0.005012	1.916000	1.481695
0.005016	1.912000	1.481895
0.005020	1.912000	1.481895
0.005024	1.912000	1.481895
0.005028	1.912000	1.482095
0.005032	1.912000	1.481895
0.005036	1.908000	1.481895
0.005040	1.912000	1.481895
0.005044	1.912000	1.482095
0.005048	1.912000	1.482295
0.005052	1.912000	1.482095
0.005056	1.912000	1.482095
0.005060	1.912000	1.482295
0.005064	1.912000	1.482095
0.005068	1.912000	1.482095
0.005072	1.908000	1.482095
0.005076	1.912000	1.482095
0.005080	1.912000	1.482295
0.005084	1.912000	1.482095
0.005088	1.912000	1.482495
0.005092	1.908000	1.482295
0.005096	1.912000	1.482295
0.005100	1.912000	1.482295
0.005104	1.908000	1.482295
0.005108	1.908000	1.482295
0.005112	1.908000	1.482295
0.005116	1.908000	1.482495
0.005120	1.908000	1.482495
0.005124	1.908000	1.482295
0.005128	1.908000	1.482495
0.005132	1.908000	1.482495
0.005136	1.908000	1.482495
0.005140	1.908000	1.482495
0.005144	1.908000	1.482495
0.005148	1.908000	1.482495
0.005152	1.908000	1.482695
0.005156	1.908000	1.482695
0.005160	1.908000	1.482695
0.005164	1.908000	1.482495
0.005168	1.908000	1.482695
0.005172	1.908000	1.482695
0.005176	1.904000	1.482495
0.005180	1.908000	1.482695
0.005184	1.908000	1.482695
0.005188	1.908000	1.482695
0.005192	1.908000	1.482895
0.005196	1.908000	1.482895
0.005200	1.908000	1.482895
0.005204	1.908000	1.482895
0.005208	1.908000	1.482895
0.005212	1.908000	1.482895
0.005216	1.908000	1.482895
0.005220	1.908000	1.482895
0.005224	1.908000	1.482895
0.005228	1.908000	1.482895
0.005232	1.908000	1.482895
0.005236	1.904000	1.483095
0.005240	1.904000	1.483095
0.005244	1.904000	1.483095
0.005248	1.904000	1.483095
0.005252	1.908000	1.483095
0.005256	1.904000	1.482895
0.005260	1.904000	1.483095
0.005264	1.904000	1.483095
0.005268	1.904000	1.483095
0.005272	1.908000	1.483095
0.005276	1.904000	1.483295
0.005280	1.904000	1.483295
0.005284	1.904000	1.483095
0.005288	1.904000	1.483295
0.005292	1.904000	1.483295
0.005296	1.904000	1.483495
0.005300	1.904000	1.483095
0.005304	1.904000	1.483295
0.005308	1.904000	1.483295
0.005312	1.904000	1.483295
0.005316	1.904000	1.483495
0.005320	1.904000	1.483495
0.005324	1.904000	1.483495
0.005328	1.904000	1.483695
0.005332	1.904000	1.483495
0.005336	1.904000	1.483495
0.005340	1.904000	1.483495
0.005344	1.904000	1.483495
0.005348	1.904000	1.483495
0.005352	1.904000	1.483495
0.005356	1.904000	1.483695
0.005360	1.904000	1.483495
0.005364	1.900000	1.483695
0.005368	1.904000	1.483695
0.005372	1.900000	1.483695
0.005376	1.904000	1.483695
0.005380	1.904000	1.483695
0.005384	1.900000	1.483695
0.005388	1.900000	1.483895
0.005392	1.900000	1.483895
0.005396	1.900000	1.483895
0.005400	1.904000	1.483695
0.005404	1.900000	1.484095
0.005408	1.900000	1.483695
0.005412	1.904000	1.483895
0.005416	1.900000	1.483895
0.005420	1.900000	1.483895
0.005424	1.900000	1.483895
0.005428	1.900000	1.483895
0.005432	1.900000	1.483895
0.005436	1.900000	1.483895
0.005440	1.900000	1.484095
0.005444	1.900000	1.484095
0.005448	1.900000	1.484095
0.005452	1.900000	1.484095
0.005456	1.896000	1.484095
0.005460	1.900000	1.484095
0.005464	1.900000	1.484095
0.005468	1.900000	1.483895
0.005472	1.900000	1.484095
0.005476	1.896000	1.484095
0.005480	1.900000	1.484095
0.005484	1.896000	1.484095
0.005488	1.896000	1.484295
0.005492	1.896000	1.484095
0.005496	1.900000	1.484295
0.005500	1.900000	1.484095
0.005504	1.896000	1.484295
0.005508	1.900000	1.484295
0.005512	1.896000	1.484295
0.005516	1.900000	1.484295
0.005520	1.896000	1.484495
0.005524	1.896000	1.484495
0.005528	1.896000	1.484495
0.005532	1.896000	1.484295
0.005536	1.900000	1.484495
0.005540	1.896000	1.484495
0.005544	1.896000	1.484495
0.005548	1.896000	1.484495
0.005552	1.896000	1.484495
0.005556	1.896000	1.484495
0.005560	1.896000	1.484695
0.005564	1.896000	1.484695
0.005568	1.896000	1.484495
0.005572	1.896000	1.484695
0.005576	1.896000	1.484695
0.005580	1.896000	1.484695
0.005584	1.896000	1.484695
0.005588	1.896000	1.484695
0.005592	1.896000	1.484895
0.005596	1.896000	1.484895
0.005600	1.896000	1.484695
0.005604	1.896000	1.484895
0.005608	1.896000	1.484895
0.005612	1.896000	1.484695
0.005616	1.892000	1.484895
0.005620	1.896000	1.484895
0.005624	1.892000	1.484895
0.005628	1.892000	1.484895
0.005632	1.896000	1.484895
0.005636	1.892000	1.484895
0.005640	1.892000	1.485095
0.005644	1.896000	1.484895
0.005648	1.896000	1.485095
0.005652	1.896000	1.484895
0.005656	1.896000	1.484895
0.005660	1.892000	1.484895
0.005664	1.892000	1.485095
0.005668	1.892000	1.485095
0.005672	1.892000	1.484895
0.005676	1.892000	1.484895
0.005680	1.892000	1.484895
0.005684	1.892000	1.485095
0.005688	1.892000	1.485095
0.005692	1.892000	1.485095
0.005696	1.892000	1.485095
0.005700	1.892000	1.485095
0.005704	1.892000	1.485095
0.005708	1.892000	1.485295
0.005712	1.892000	1.485295
0.005716	1.892000	1.485295
0.005720	1.892000	1.485295
0.005724	1.892000	1.485095
0.005728	1.892000	1.485295
0.005732	1.892000	1.485295
0.005736	1.892000	1.485495
0.005740	1.892000	1.485295
0.005744	1.892000	1.485295
0.005748	1.892000	1.485295
0.005752	1.892000	1.485295
0.005756	1.892000	1.485495
0.005760	1.892000	1.485695
0.005764	1.888000	1.485695
0.005768	1.892000	1.485495
0.005772	1.892000	1.485495
0.005776	1.892000	1.485295
0.005780	1.892000	1.485695
0.005784	1.892000	1.485695
0.005788	1.892000	1.485895
0.005792	1.892000	1.485695
0.005796	1.892000	1.485495
0.005800	1.892000	1.485695
0.005804	1.892000	1.485695
0.005808	1.888000	1.485495
0.005812	1.892000	1.485695
0.005816	1.892000	1.485695
0.005820	1.892000	1.485695
0.005824	1.888000	1.485695
0.005828	1.888000	1.485695
0.005832	1.888000	1.485495
0.005836	1.888000	1.485695
0.005840	1.888000	1.485895
0.005844	1.888000	1.485695
0.005848	1.888000	1.485895
0.005852	1.892000	1.485895
0.005856	1.892000	1.485695
0.005860	1.888000	1.485695
0.005864	1.888000	1.485895
0.005868	1.888000	1.485895
0.005872	1.892000	1.485895
0.005876	1.888000	1.485895
0.005880	1.888000	1.485895
0.005884	1.892000	1.485895
0.005888	1.888000	1.485895
0.005892	1.892000	1.485895
0.005896	1.888000	1.486095
0.005900	1.888000	1.485895
0.005904	1.888000	1.486095
0.005908	1.888000	1.486095
0.005912	1.888000	1.486295
0.005916	1.888000	1.486295
0.005920	1.888000	1.485895
0.005924	1.888000	1.486095
0.005928	1.888000	1.486095
0.005932	1.888000	1.486095
0.005936	1.888000	1.486295
0.005940	1.888000	1.486095
0.005944	1.888000	1.486295
0.005948	1.888000	1.486295
0.005952	1.888000	1.486295
0.005956	1.888000	1.486295
0.005960	1.888000	1.486295
0.005964	1.884000	1.486295
0.005968	1.884000	1.486295
0.005972	1.888000	1.486295
0.005976	1.884000	1.486495
0.005980	1.884000	1.486495
0.005984	1.884000	1.486295
0.005988	1.888000	1.486295
0.005992	1.884000	1.486495
0.005996	1.888000	1.486295
0.006000	1.888000	1.486495
0.006004	1.888000	1.486495
0.006008	1.888000	1.486295
0.006012	1.884000	1.486295
0.006016	1.884000	1.486495
0.006020	1.884000	1.486495
0.006024	1.888000	1.486495
0.006028	1.884000	1.486495
0.006032	1.884000	1.486495
0.006036	1.884000	1.486695
0.006040	1.884000	1.486695
0.006044	1.884000	1.486495
0.006048	1.884000	1.486495
0.006052	1.884000	1.486495
0.006056	1.884000	1.486495
0.006060	1.884000	1.486495
0.006064	1.884000	1.486695
0.006068	1.884000	1.486695
0.006072	1.884000	1.486695
0.006076	1.884000	1.486695
0.006080	1.884000	1.486695
0.006084	1.884000	1.486695
0.006088	1.884000	1.486695
0.006092	1.884000	1.486695
0.006096	1.884000	1.486695
0.006100	1.884000	1.486695
0.006104	1.884000	1.486895
0.006108	1.884000	1.486695
0.006112	1.884000	1.486895
0.006116	1.884000	1.486695
0.006120	1.884000	1.486695
0.006124	1.884000	1.486895
0.006128	1.884000	1.486895
0.006132	1.880000	1.486895
0.006136	1.884000	1.486895
0.006140	1.880000	1.486895
0.006144	1.884000	1.487095
0.006148	1.884000	1.487095
0.006152	1.884000	1.486895
0.006156	1.884000	1.487095
0.006160	1.884000	1.486895
0.006164	1.880000	1.487095
0.006168	1.880000	1.487095
0.006172	1.884000	1.486895
0.006176	1.880000	1.487095
0.006180	1.884000	1.487095
0.006184	1.880000	1.486895
0.006188	1.880000	1.487295
0.006192	1.884000	1.487095
0.006196	1.880000	1.487095
0.006200	1.880000	1.487095
0.006204	1.880000	1.487095
0.006208	1.880000	1.487295
0.006212	1.880000	1.487295
0.006216	1.880000	1.487095
0.006220	1.880000	1.487295
0.006224	1.880000	1.487295
0.006228	1.880000	1.487295
0.006232	1.880000	1.487295
0.006236	1.880000	1.487295
0.006240	1.880000	1.487295
0.006244	1.880000	1.487295
0.006248	1.880000	1.487295
0.006252	1.880000	1.487295
0.006256	1.880000	1.487095
0.006260	1.880000	1.487295
0.006264	1.880000	1.487295
0.006268	1.880000	1.487295
0.006272	1.880000	1.487295
0.006276	1.880000	1.487495
0.006280	1.880000	1.487495
0.006284	1.880000	1.487495
0.006288	1.880000	1.487495
0.006292	1.880000	1.487495
0.006296	1.880000	1.487495
0.006300	1.880000	1.487495
0.006304	1.880000	1.487495
0.006308	1.880000	1.487695
0.006312	1.880000	1.487295
0.006316	1.880000	1.487495
0.006320	1.880000	1.487495
0.006324	1.880000	1.487695
0.006328	1.880000	1.487495
0.006332	1.880000	1.487695
0.006336	1.880000	1.487495
0.006340	1.880000	1.487695
0.006344	1.880000	1.487695
0.006348	1.880000	1.487495
0.006352	1.880000	1.487695
0.006356	1.880000	1.487695
0.006360	1.880000	1.487695
0.006364	1.880000	1.487695
0.006368	1.880000	1.487695
0.006372	1.876000	1.487695
0.006376	1.876000	1.487695
0.006380	1.880000	1.487695
0.006384	1.876000	1.487695
0.006388	1.876000	1.487695
0.006392	1.876000	1.487695
0.006396	1.876000	1.487695
0.006400	1.880000	1.487695
0.006404	1.880000	1.487895
0.006408	1.880000	1.487895
0.006412	1.876000	1.487695
0.006416	1.876000	1.487695
0.006420	1.876000	1.487895
0.006424	1.876000	1.488095
0.006428	1.876000	1.487895
0.006432	1.876000	1.488095
0.006436	1.876000	1.487895
0.006440	1.876000	1.487895
0.006444	1.876000	1.488095
0.006448	1.876000	1.488095
0.006452	1.876000	1.487895
0.006456	1.876000	1.488095
0.006460	1.876000	1.488095
0.006464	1.876000	1.488295
0.006468	1.876000	1.488095
0.006472	1.876000	1.488095
0.006476	1.876000	1.488295
0.006480	1.876000	1.488095
0.006484	1.876000	1.488095
0.006488	1.876000	1.488095
0.006492	1.876000	1.488295
0.006496	1.876000	1.488095
0.006500	1.876000	1.488095
0.006504	1.876000	1.488095
0.006508	1.876000	1.488295
0.006512	1.876000	1.488095
0.006516	1.876000	1.488095
0.006520	1.876000	1.488495
0.006524	1.876000	1.488495
0.006528	1.876000	1.488495
0.006532	1.876000	1.488495
0.006536	1.872000	1.488495
0.006540	1.876000	1.488295
0.006544	1.876000	1.488295
0.006548	1.876000	1.488295
0.006552	1.876000	1.488495
0.006556	1.872000	1.488295
0.006560	1.876000	1.488295
0.006564	1.876000	1.488295
0.006568	1.876000	1.488495
0.006572	1.872000	1.488695
0.006576	1.876000	1.488495
0.006580	1.876000	1.488295
0.006584	1.876000	1.488495
0.006588	1.872000	1.488695
0.006592	1.872000	1.488495
0.006596	1.876000	1.488495
0.006600	1.876000	1.488495
0.006604	1.872000	1.488495
0.006608	1.872000	1.488495
0.006612	1.872000	1.488495
0.006616	1.872000	1.488695
0.006620	1.872000	1.488495
0.006624	1.872000	1.488495
0.006628	1.872000	1.488695
0.006632	1.872000	1.488695
0.006636	1.872000	1.488695
0.006640	1.872000	1.488695
0.006644	1.872000	1.488695
0.006648	1.872000	1.488695
0.006652	1.872000	1.488695
0.006656	1.872000	1.488695
0.006660	1.872000	1.488695
0.006664	1.872000	1.488695
0.006668	1.872000	1.488895
0.006672	1.876000	1.488695
0.006676	1.872000	1.488695
0.006680	1.872000	1.488895
0.006684	1.872000	1.488895
0.006688	1.872000	1.488695
0.006692	1.872000	1.488695
0.006696	1.872000	1.488895
0.006700	1.872000	1.488895
0.006704	1.868000	1.488895
0.006708	1.872000	1.488895
0.006712	1.872000	1.488895
0.006716	1.872000	1.488895
0.006720	1.872000	1.488895
0.006724	1.872000	1.489095
0.006728	1.872000	1.489095
0.006732	1.872000	1.488895
0.006736	1.872000	1.489095
0.006740	1.872000	1.489095
0.006744	1.872000	1.488895
0.006748	1.304000	1.488695
0.006752	1.244000	1.488895
0.006756	1.244000	1.488895
0.006760	1.244000	1.489095
0.006764	1.244000	1.489095
0.006768	1.244000	1.488895
0.006772	1.244000	1.489095
0.006776	1.244000	1.489095
0.006780	1.244000	1.489095
0.006784	1.244000	1.489295
0.006788	1.244000	1.489095
0.006792	1.244000	1.489295
0.006796	1.244000	1.489295
0.006800	1.244000	1.489295
0.006804	1.244000	1.489095
0.006808	1.244000	1.489295
0.006812	1.244000	1.489295
0.006816	1.244000	1.489295
0.006820	1.244000	1.489295
0.006824	1.244000	1.489295
0.006828	1.244000	1.489295
0.006832	1.244000	1.489295
0.006836	1.244000	1.489295
0.006840	1.244000	1.489295
0.006844	1.244000	1.489095
0.006848	1.244000	1.489295
0.006852	1.244000	1.489295
0.006856	1.244000	1.489095
0.006860	1.244000	1.489295
0.006864	1.244000	1.489295
0.006868	1.244000	1.489295
0.006872	1.244000	1.489295
0.006876	1.244000	1.489295
0.006880	1.244000	1.489495
0.006884	1.244000	1.489495
0.006888	1.244000	1.489295
0.006892	1.244000	1.489495
0.006896	1.244000	1.489495
0.006900	1.244000	1.489495
0.006904	1.244000	1.489495
0.006908	1.244000	1.489495
0.006912	1.244000	1.489495
0.006916	1.244000	1.489495
0.006920	1.244000	1.489495
0.006924	1.244000	1.489495
0.006928	1.244000	1.489495
0.006932	1.244000	1.489695
0.006936	1.244000	1.489695
0.006940	1.244000	1.489695
0.006944	1.244000	1.489495
0.006948	1.244000	1.489695
0.006952	1.244000	1.489695
0.006956	1.244000	1.489695
0.006960	1.244000	1.489495
0.006964	1.244000	1.489695
0.006968	1.244000	1.489695
0.006972	1.244000	1.489695
0.006976	1.244000	1.489695
0.006980	1.244000	1.489695
0.006984	1.244000	1.489695
0.006988	1.244000	1.489695
0.006992	1.244000	1.489695
0.006996	1.244000	1.489695
0.007000	1.244000	1.489495
0.007004	1.244000	1.489695
0.007008	1.244000	1.489695
0.007012	1.244000	1.489695
0.007016	1.244000	1.489895
0.007020	1.244000	1.489895
0.007024	1.244000	1.489895
0.007028	1.244000	1.489895
0.007032	1.244000	1.489695
0.007036	1.244000	1.489895
0.007040	1.244000	1.489895
0.007044	1.244000	1.489695
0.007048	1.244000	1.489695
0.007052	1.244000	1.489895
0.007056	1.244000	1.489895
0.007060	1.244000	1.489895
0.007064	1.244000	1.489895
0.007068	1.244000	1.489895
0.007072	1.244000	1.489895
0.007076	1.244000	1.489895
0.007080	1.244000	1.489895
0.007084	1.244000	1.490095
0.007088	1.244000	1.489895
0.007092	1.244000	1.489895
0.007096	1.244000	1.490095
0.007100	1.244000	1.490095
0.007104	1.244000	1.490095
0.007108	1.244000	1.490095
0.007112	1.244000	1.490095
0.007116	1.244000	1.490095
0.007120	1.244000	1.490095
0.007124	1.244000	1.490095
0.007128	1.244000	1.490095
0.007132	1.244000	1.490095
0.007136	1.244000	1.490095
0.007140	1.244000	1.489895
0.007144	1.244000	1.490295
0.007148	1.244000	1.490295
0.007152	1.244000	1.490295
0.007156	1.244000	1.490295
0.007160	1.244000	1.490295
0.007164	1.244000	1.490095
0.007168	1.244000	1.490295
0.007172	1.244000	1.490295
0.007176	1.244000	1.490295
0.007180	1.244000	1.490295
0.007184	1.244000	1.490295
0.007188	1.244000	1.490295
0.007192	1.244000	1.490295
0.007196	1.244000	1.490295
0.007200	1.244000	1.490295
0.007204	1.244000	1.490295
0.007208	1.244000	1.490295
0.007212	1.244000	1.490295
0.007216	1.244000	1.490295
0.007220	1.244000	1.490495
0.007224	1.244000	1.490495
0.007228	1.244000	1.490495
0.007232	1.244000	1.490295
0.007236	1.244000	1.490295
0.007240	1.244000	1.490495
0.007244	1.244000	1.490495
0.007248	1.244000	1.490495
0.007252	1.244000	1.490495
0.007256	1.244000	1.490495
0.007260	1.244000	1.490495
0.007264	1.244000	1.490495
0.007268	1.244000	1.490495
0.007272	1.244000	1.490295
0.007276	1.244000	1.490295
0.007280	1.244000	1.490495
0.007284	1.244000	1.490495
0.007288	1.244000	1.490495
0.007292	1.244000	1.490495
0.007296	1.244000	1.490695
0.007300	1.244000	1.490495
0.007304	1.244000	1.490495
0.007308	1.244000	1.490695
0.007312	1.244000	1.490495
0.007316	1.244000	1.490495
0.007320	1.244000	1.490495
0.007324	1.244000	1.490495
0.007328	1.244000	1.490495
0.007332	1.244000	1.490495
0.007336	1.244000	1.490495
0.007340	1.244000	1.490695
0.007344	1.244000	1.490495
0.007348	1.244000	1.490495
0.007352	1.244000	1.490495
0.007356	1.244000	1.490695
0.007360	1.244000	1.490895
0.007364	1.244000	1.490695
0.007368	1.244000	1.490495
0.007372	1.244000	1.490695
0.007376	1.244000	1.490695
0.007380	1.244000	1.490695
0.007384	1.244000	1.490695
0.007388	1.244000	1.490695
0.007392	1.244000	1.490695
0.007396	1.244000	1.490695
0.007400	1.244000	1.490895
0.007404	1.244000	1.490895
0.007408	1.244000	1.490695
0.007412	1.244000	1.490695
0.007416	1.244000	1.490695
0.007420	1.244000	1.490695
0.007424	1.244000	1.490695
0.007428	1.244000	1.490895
0.007432	1.244000	1.490695
0.007436	1.244000	1.490695
0.007440	1.244000	1.490895
0.007444	1.244000	1.490895
0.007448	1.244000	1.490695
0.007452	1.244000	1.490895
0.007456	1.244000	1.490895
0.007460	1.244000	1.490895
0.007464	1.244000	1.490695
0.007468	1.244000	1.490895
0.007472	1.244000	1.490695
0.007476	1.244000	1.490895
0.007480	1.244000	1.490895
0.007484	1.244000	1.490695
0.007488	1.244000	1.490895
0.007492	1.244000	1.490895
0.007496	1.244000	1.490895
0.007500	1.244000	1.491095
0.007504	1.244000	1.490895
0.007508	1.244000	1.490895
0.007512	1.244000	1.490895
0.007516	1.244000	1.490895
0.007520	1.244000	1.490895
0.007524	1.244000	1.490895
0.007528	1.244000	1.491095
0.007532	1.244000	1.491095
0.007536	1.244000	1.490895
0.007540	1.244000	1.490895
0.007544	1.244000	1.491095
0.007548	1.244000	1.491095
0.007552	1.244000	1.490895
0.007556	1.244000	1.490895
0.007560	1.244000	1.490895
0.007564	1.244000	1.491095
0.007568	1.244000	1.491095
0.007572	1.244000	1.490895
0.007576	1.244000	1.491095
0.007580	1.244000	1.491095
0.007584	1.244000	1.491095
0.007588	1.244000	1.491095
0.007592	1.244000	1.491095
0.007596	1.244000	1.490895
0.007600	1.244000	1.491095
0.007604	1.244000	1.491095
0.007608	1.244000	1.491095
0.007612	1.244000	1.490895
0.007616	1.244000	1.491095
0.007620	1.244000	1.491095
0.007624	1.244000	1.491095
0.007628	1.244000	1.491095
0.007632	1.244000	1.491295
0.007636	1.244000	1.491095
0.007640	1.244000	1.491295
0.007644	1.244000	1.491295
0.007648	1.244000	1.491095
0.007652	1.244000	1.491295
0.007656	1.244000	1.491295
0.007660	1.244000	1.491095
0.007664	1.244000	1.491295
0.007668	1.244000	1.491295
0.007672	1.244000	1.491295
0.007676	1.244000	1.491095
0.007680	1.244000	1.491295
0.007684	1.244000	1.491295
0.007688	1.244000	1.491095
0.007692	1.244000	1.491295
0.007696	1.244000	1.491495
0.007700	1.244000	1.491295
0.007704	1.244000	1.491495
0.007708	1.244000	1.491295
0.007712	1.244000	1.491295
0.007716	1.244000	1.491295
0.007720	1.244000	1.491295
0.007724	1.244000	1.491295
0.007728	1.244000	1.491495
0.007732	1.244000	1.491495
0.007736	1.244000	1.491495
0.007740	1.244000	1.491495
0.007744	1.244000	1.491295
0.007748	1.244000	1.491295
0.007752	1.244000	1.491495
0.007756	1.244000	1.491295
0.007760	1.244000	1.491295
0.007764	1.244000	1.491495
0.007768	1.244000	1.491495
0.007772	1.244000	1.491695
0.007776	1.244000	1.491695
0.007780	1.244000	1.491495
0.007784	1.244000	1.491695
0.007788	1.244000	1.491695
0.007792	1.244000	1.491495
0.007796	1.244000	1.491495
0.007800	1.244000	1.491295
0.007804	1.244000	1.491295
0.007808	1.244000	1.491495
0.007812	1.244000	1.491495
0.007816	1.244000	1.491695
0.007820	1.244000	1.491495
0.007824	1.244000	1.491495
0.007828	1.244000	1.491495
0.007832	1.244000	1.491495
0.007836	1.244000	1.491495
0.007840	1.244000	1.491495
0.007844	1.244000	1.491495
0.007848	1.244000	1.491495
0.007852	1.244000	1.491695
0.007856	1.244000	1.491495
0.007860	1.244000	1.491695
0.007864	1.244000	1.491495
0.007868	1.244000	1.491495
0.007872	1.244000	1.491495
0.007876	1.244000	1.491495
0.007880	1.244000	1.491695
0.007884	1.244000	1.491495
0.007888	1.244000	1.491695
0.007892	1.244000	1.491495
0.007896	1.244000	1.491695
0.007900	1.244000	1.491495
0.007904	1.244000	1.491495
0.007908	1.244000	1.491495
0.007912	1.244000	1.491495
0.007916	1.244000	1.491495
0.007920	1.244000	1.491695
0.007924	1.244000	1.491495
0.007928	1.244000	1.491695
0.007932	1.244000	1.491495
0.007936	1.244000	1.491695
0.007940	1.244000	1.491695
0.007944	1.244000	1.491695
0.007948	1.244000	1.491495
0.007952	1.244000	1.491695
0.007956	1.244000	1.491695
0.007960	1.244000	1.491495
0.007964	1.244000	1.491495
0.007968	1.244000	1.491495
0.007972	1.244000	1.491495
0.007976	1.244000	1.491495
0.007980	1.244000	1.491695
0.007984	1.244000	1.491695
0.007988	1.244000	1.491695
0.007992	1.244000	1.491695
0.007996	1.244000	1.491695
0.008000	1.244000	1.491695
0.008004	1.244000	1.491495
0.008008	1.244000	1.491695
0.008012	1.244000	1.491695
0.008016	1.244000	1.491495
0.008020	1.244000	1.491695
0.008024	1.244000	1.491695
0.008028	1.244000	1.491695
0.008032	1.244000	1.491495
0.008036	1.244000	1.491695
0.008040	1.244000	1.491695
0.008044	1.244000	1.491495
0.008048	1.244000	1.491495
0.008052	1.244000	1.491495
0.008056	1.244000	1.491295
0.008060	1.244000	1.491495
0.008064	1.244000	1.491495
0.008068	1.244000	1.491495
0.008072	1.244000	1.491495
0.008076	1.244000	1.491495
0.008080	1.244000	1.491495
0.008084	1.244000	1.491495
0.008088	1.244000	1.491495
0.008092	1.244000	1.491495
0.008096	1.244000	1.491495
0.008100	1.244000	1.491495
0.008104	1.244000	1.491495
0.008108	1.244000	1.491495
0.008112	1.244000	1.491495
0.008116	1.244000	1.491495
0.008120	1.244000	1.491495
0.008124	1.244000	1.491495
0.008128	1.244000	1.491495
0.008132	1.244000	1.491495
0.008136	1.244000	1.491495
0.008140	1.244000	1.491495
0.008144	1.244000	1.491495
0.008148	1.244000	1.491495
0.008152	1.244000	1.491495
0.008156	1.244000	1.491695
0.008160	1.244000	1.491495
0.008164	1.244000	1.491295
0.008168	1.244000	1.491495
0.008172	1.244000	1.491495
0.008176	1.244000	1.491495
0.008180	1.244000	1.491695
0.008184	1.244000	1.491495
0.008188	1.244000	1.491495
0.008192	1.244000	1.491495
0.008196	1.244000	1.491295
0.008200	1.244000	1.491495
0.008204	1.244000	1.491295
0.008208	1.244000	1.491295
0.008212	1.244000	1.491295
0.008216	1.244000	1.491095
0.008220	1.244000	1.491095
0.008224	1.244000	1.491295
0.008228	1.244000	1.491295
0.008232	1.244000	1.490895
0.008236	1.244000	1.491095
0.008240	1.244000	1.491095
0.008244	1.244000	1.491095
0.008248	1.244000	1.491095
0.008252	1.244000	1.491095
0.008256	1.244000	1.491095
0.008260	1.244000	1.490895
0.008264	1.244000	1.490895
0.008268	1.244000	1.490695
0.008272	1.244000	1.490895
0.008276	1.244000	1.490895
0.008280	1.244000	1.490695
0.008284	1.244000	1.490695
0.008288	1.244000	1.490695
0.008292	1.244000	1.490895
0.008296	1.244000	1.490695
0.008300	1.244000	1.490695
0.008304	1.244000	1.490495
0.008308	1.244000	1.490495
0.008312	1.244000	1.490695
0.008316	1.244000	1.490695
0.008320	1.244000	1.490495
0.008324	1.244000	1.490295
0.008328	1.244000	1.490295
0.008332	1.244000	1.490295
0.008336	1.244000	1.490295
0.008340	1.244000	1.490095
0.008344	1.244000	1.490095
0.008348	1.244000	1.490095
0.008352	1.244000	1.490095
0.008356	1.244000	1.489895
0.008360	1.244000	1.489895
0.008364	1.244000	1.490095
0.008368	1.244000	1.489895
0.008372	1.244000	1.489695
0.008376	1.244000	1.489495
0.008380	1.244000	1.489495
0.008384	1.244000	1.489495
0.008388	1.244000	1.489495
0.008392	1.244000	1.489295
0.008396	1.244000	1.489295
0.008400	1.244000	1.489095
0.008404	1.244000	1.488895
0.008408	1.244000	1.489295
0.008412	1.244000	1.488895
0.008416	1.244000	1.488895
0.008420	1.244000	1.488695
0.008424	1.244000	1.488495
0.008428	1.244000	1.488495
0.008432	1.244000	1.488495
0.008436	1.244000	1.488295
0.008440	1.244000	1.488295
0.008444	1.244000	1.488095
0.008448	1.244000	1.487895
0.008452	1.244000	1.487895
0.008456	1.244000	1.487895
0.008460	1.244000	1.487495
0.008464	1.244000	1.487495
0.008468	1.244000	1.487295
0.008472	1.244000	1.487095
0.008476	1.244000	1.486895
0.008480	1.244000	1.486895
0.008484	1.244000	1.486695
0.008488	1.244000	1.486495
0.008492	1.244000	1.486295
0.008496	1.244000	1.486095
0.008500	1.244000	1.485895
0.008504	1.244000	1.485895
0.008508	1.244000	1.485695
0.008512	1.244000	1.485695
0.008516	1.244000	1.485095
0.008520	1.244000	1.484895
0.008524	1.244000	1.484695
0.008528	1.244000	1.484495
0.008532	1.244000	1.484295
0.008536	1.244000	1.484095
0.008540	1.244000	1.484095
0.008544	1.244000	1.483695
0.008548	1.244000	1.483495
0.008552	1.244000	1.483295
0.008556	1.244000	1.483095
0.008560	1.244000	1.483095
0.008564	1.244000	1.482695
0.008568	1.244000	1.482495
0.008572	1.244000	1.482095
0.008576	1.244000	1.481895
0.008580	1.244000	1.481695
0.008584	1.244000	1.481495
0.008588	1.244000	1.481295
0.008592	1.244000	1.480895
0.008596	1.244000	1.480695
0.008600	1.244000	1.480495
0.008604	1.244000	1.480295
0.008608	1.244000	1.480295
0.008612	1.244000	1.479695
0.008616	1.244000	1.479695
0.008620	1.244000	1.479495
0.008624	1.244000	1.479295
0.008628	1.244000	1.478895
0.008632	1.244000	1.478695
0.008636	1.244000	1.478495
0.008640	1.244000	1.478295
0.008644	1.244000	1.478095
0.008648	1.244000	1.478095
0.008652	1.244000	1.477695
0.008656	1.244000	1.477695
0.008660	1.244000	1.477495
0.008664	1.244000	1.477095
0.008668	1.244000	1.476895
0.008672	1.244000	1.476895
0.008676	1.244000	1.476695
0.008680	1.244000	1.476695
0.008684	1.244000	1.476494
0.008688	1.244000	1.476294
0.008692	1.244000	1.476294
0.008696	1.244000	1.476094
0.008700	1.244000	1.476094
0.008704	1.244000	1.475894
0.008708	1.244000	1.475894
0.008712	1.244000	1.475694
0.008716	1.244000	1.475494
0.008720	1.244000	1.475294
0.008724	1.244000	1.475494
0.008728	1.244000	1.475494
0.008732	1.244000	1.475094
0.008736	1.244000	1.475294
0.008740	1.244000	1.475094
0.008744	1.244000	1.474894
0.008748	1.244000	1.474894
0.008752	1.244000	1.474894
0.008756	1.244000	1.474894
0.008760	1.244000	1.474694
0.008764	1.244000	1.474694
0.008768	1.244000	1.474694
0.008772	1.244000	1.474694
0.008776	1.244000	1.474494
0.008780	1.244000	1.474494
0.008784	1.244000	1.474494
0.008788	1.244000	1.474494
0.008792	1.244000	1.474294
0.008796	1.244000	1.474494
0.008800	1.244000	1.474294
0.008804	1.244000	1.474494
0.008808	1.244000	1.474494
0.008812	1.244000	1.474294
0.008816	1.244000	1.474294
0.008820	1.244000	1.474294
0.008824	1.244000	1.474494
0.008828	1.244000	1.474294
0.008832	1.244000	1.474294
0.008836	1.244000	1.474294
0.008840	1.244000	1.474294
0.008844	1.244000	1.474294
0.008848	1.244000	1.474094
0.008852	1.244000	1.474294
0.008856	1.244000	1.474094
0.008860	1.244000	1.474294
0.008864	1.244000	1.474294
0.008868	1.244000	1.474094
0.008872	1.244000	1.474294
0.008876	1.244000	1.474294
0.008880	1.244000	1.474294
0.008884	1.244000	1.474494
0.008888	1.244000	1.474294
0.008892	1.244000	1.474494
0.008896	1.244000	1.474294
0.008900	1.244000	1.474294
0.008904	1.244000	1.474294
0.008908	1.244000	1.474294
0.008912	1.244000	1.474494
0.008916	1.244000	1.474494
0.008920	1.244000	1.474494
0.008924	1.244000	1.474294
0.008928	1.244000	1.474294
0.008932	1.244000	1.474494
0.008936	1.244000	1.474494
0.008940	1.244000	1.474494
0.008944	1.244000	1.474494
0.008948	1.244000	1.474494
0.008952	1.244000	1.474694
0.008956	1.244000	1.474494
0.008960	1.244000	1.474494
0.008964	1.244000	1.474494
0.008968	1.244000	1.474694
0.008972	1.244000	1.474494
0.008976	1.244000	1.474694
0.008980	1.244000	1.474694
0.008984	1.244000	1.474694
0.008988	1.244000	1.474694
0.008992	1.244000	1.474694
0.008996	1.244000	1.474694
0.009000	1.244000	1.474894
0.009004	1.244000	1.474894
0.009008	1.244000	1.474894
0.009012	1.244000	1.474694
0.009016	1.244000	1.474894
0.009020	1.244000	1.474894
0.009024	1.244000	1.474894
0.009028	1.244000	1.475094
0.009032	1.244000	1.474894
0.009036	1.244000	1.475094
0.009040	1.244000	1.475094
0.009044	1.244000	1.475094
0.009048	1.244000	1.474894
0.009052	1.244000	1.474894
0.009056	1.244000	1.475094
0.009060	1.244000	1.475094
0.009064	1.244000	1.475294
0.009068	1.244000	1.475094
0.009072	1.244000	1.475294
0.009076	1.244000	1.475294
0.009080	1.244000	1.475294
0.009084	1.244000	1.475294
0.009088	1.244000	1.475294
0.009092	1.244000	1.475294
0.009096	1.244000	1.475294
0.009100	1.244000	1.475294
0.009104	1.244000	1.475494
0.009108	1.244000	1.475494
0.009112	1.244000	1.475494
0.009116	1.244000	1.475494
0.009120	1.244000	1.475494
0.009124	1.244000	1.475494
0.009128	1.244000	1.475494
0.009132	1.244000	1.475494
0.009136	1.244000	1.475694
0.009140	1.244000	1.475694
0.009144	1.244000	1.475694
0.009148	1.244000	1.475694
0.009152	1.244000	1.475494
0.009156	1.244000	1.475694
0.009160	1.244000	1.475694
0.009164	1.244000	1.475894
0.009168	1.244000	1.475894
0.009172	1.244000	1.475894
0.009176	1.244000	1.475894
0.009180	1.244000	1.475694
0.009184	1.244000	1.475894
0.009188	1.244000	1.475894
0.009192	1.244000	1.476094
0.009196	1.244000	1.476094
0.009200	1.244000	1.475894
0.009204	1.244000	1.475694
0.009208	1.244000	1.476094
0.009212	1.244000	1.476094
0.009216	1.244000	1.476094
0.009220	1.244000	1.476094
0.009224	1.244000	1.476094
0.009228	1.244000	1.476294
0.009232	1.244000	1.476094
0.009236	1.244000	1.476094
0.009240	1.244000	1.476294
0.009244	1.244000	1.476294
0.009248	1.244000	1.476294
0.009252	1.244000	1.476494
0.009256	1.244000	1.476494
0.009260	1.244000	1.476494
0.009264	1.244000	1.476494
0.009268	1.244000	1.476494
0.009272	1.244000	1.476494
0.009276	1.244000	1.476695
0.009280	1.244000	1.476695
0.009284	1.244000	1.476494
0.009288	1.244000	1.476695
0.009292	1.244000	1.476695
0.009296	1.244000	1.476695
0.009300	1.244000	1.476695
0.009304	1.244000	1.476895
0.009308	1.244000	1.476695
0.009312	1.244000	1.476695
0.009316	1.244000	1.476895
0.009320	1.244000	1.477095
0.009324	1.244000	1.477095
0.009328	1.244000	1.477095
0.009332	1.244000	1.476895
0.009336	1.244000	1.477095
0.009340	1.244000	1.477095
0.009344	1.244000	1.477095
0.009348	1.244000	1.477095
0.009352	1.244000	1.477295
0.009356	1.244000	1.477095
0.009360	1.244000	1.477095
0.009364	1.244000	1.476895
0.009368	1.244000	1.477095
0.009372	1.244000	1.477295
0.009376	1.244000	1.477295
0.009380	1.244000	1.477295
0.009384	1.244000	1.477295
0.009388	1.244000	1.477495
0.009392	1.244000	1.477495
0.009396	1.244000	1.477495
0.009400	1.244000	1.477495
0.009404	1.244000	1.477495
0.009408	1.244000	1.477495
0.009412	1.244000	1.477495
0.009416	1.244000	1.477495
0.009420	1.244000	1.477495
0.009424	1.244000	1.477695
0.009428	1.244000	1.477695
0.009432	1.244000	1.477495
0.009436	1.244000	1.477695
0.009440	1.244000	1.477695
0.009444	1.244000	1.477695
0.009448	1.244000	1.477695
0.009452	1.244000	1.477895
0.009456	1.244000	1.477895
0.009460	1.244000	1.477895
0.009464	1.244000	1.477895
0.009468	1.244000	1.478095
0.009472	1.244000	1.477895
0.009476	1.244000	1.477895
0.009480	1.244000	1.477895
0.009484	1.244000	1.478095
0.009488	1.244000	1.477895
0.009492	1.244000	1.477895
0.009496	1.244000	1.477895
0.009500	1.244000	1.478095
0.009504	1.244000	1.478095
0.009508	1.244000	1.478295
0.009512	1.244000	1.478295
0.009516	1.244000	1.478295
0.009520	1.244000	1.478295
0.009524	1.244000	1.478295
0.009528	1.244000	1.478295
0.009532	1.244000	1.478295
0.009536	1.244000	1.478495
0.009540	1.244000	1.478495
0.009544	1.244000	1.478295
0.009548	1.244000	1.478295
0.009552	1.244000	1.478295
0.009556	1.244000	1.478295
0.009560	1.244000	1.478495
0.009564	1.244000	1.478495
0.009568	1.244000	1.478695
0.009572	1.244000	1.478895
0.009576	1.244000	1.478695
0.009580	1.244000	1.478495
0.009584	1.244000	1.478695
0.009588	1.244000	1.478695
0.009592	1.244000	1.478695
0.009596	1.244000	1.478695
0.009600	1.244000	1.478695
0.009604	1.244000	1.478895
0.009608	1.244000	1.478895
0.009612	1.244000	1.478895
0.009616	1.244000	1.478895
0.009620	1.244000	1.478895
0.009624	1.244000	1.479095
0.009628	1.244000	1.478895
0.009632	1.244000	1.478895
0.009636	1.244000	1.479095
0.009640	1.244000	1.479095
0.009644	1.244000	1.479095
0.009648	1.244000	1.479095
0.009652	1.244000	1.479295
0.009656	1.244000	1.479295
0.009660	1.244000	1.479095
0.009664	1.244000	1.479295
0.009668	1.244000	1.479295
0.009672	1.244000	1.479295
0.009676	1.244000	1.479495
0.009680	1.244000	1.479295
0.009684	1.244000	1.479495
0.009688	1.244000	1.479295
0.009692	1.244000	1.479295
0.009696	1.244000	1.479495
0.009700	1.244000	1.479295
0.009704	1.244000	1.479695
0.009708	1.244000	1.479495
0.009712	1.244000	1.479495
0.009716	1.244000	1.479295
0.009720	1.244000	1.479495
0.009724	1.244000	1.479495
0.009728	1.244000	1.479495
0.009732	1.244000	1.479695
0.009736	1.244000	1.479695
0.009740	1.244000	1.479695
0.009744	1.244000	1.479695
0.009748	1.244000	1.479695
0.009752	1.244000	1.479695
0.009756	1.244000	1.479895
0.009760	1.244000	1.479895
0.009764	1.244000	1.479895
0.009768	1.244000	1.480095
0.009772	1.244000	1.479895
0.009776	1.244000	1.479895
0.009780	1.244000	1.480095
0.009784	1.244000	1.480095
0.009788	1.244000	1.480095
0.009792	1.244000	1.480095
0.009796	1.244000	1.480095
0.009800	1.244000	1.480095
0.009804	1.244000	1.480095
0.009808	1.244000	1.480095
0.009812	1.244000	1.480095
0.009816	1.244000	1.480095
0.009820	1.244000	1.480095
0.009824	1.244000	1.480095
0.009828	1.244000	1.480095
0.009832	1.244000	1.480295
0.009836	1.244000	1.480495
0.009840	1.244000	1.480295
0.009844	1.244000	1.480495
0.009848	1.244000	1.480295
0.009852	1.244000	1.480495
0.009856	1.244000	1.480495
0.009860	1.244000	1.480495
0.009864	1.244000	1.480495
0.009868	1.244000	1.480495
0.009872	1.244000	1.480295
0.009876	1.244000	1.480495
0.009880	1.244000	1.480495
0.009884	1.244000	1.480495
0.009888	1.244000	1.480695
0.009892	1.244000	1.480695
0.009896	1.244000	1.480695
0.009900	1.244000	1.480695
0.009904	1.244000	1.480495
0.009908	1.244000	1.480695
0.009912	1.244000	1.480695
0.009916	1.244000	1.480695
0.009920	1.244000	1.480895
0.009924	1.244000	1.480895
0.009928	1.244000	1.480895
0.009932	1.244000	1.480895
0.009936	1.244000	1.480895
0.009940	1.244000	1.480895
0.009944	1.244000	1.480895
0.009948	1.244000	1.481295
0.009952	1.244000	1.480895
0.009956	1.244000	1.481095
0.009960	1.244000	1.480895
0.009964	1.244000	1.481095
0.009968	1.244000	1.481095
0.009972	1.244000	1.481095
0.009976	1.244000	1.481095
0.009980	1.244000	1.481295
0.009984	1.244000	1.481295
0.009988	1.244000	1.481295
0.009992	1.244000	1.481095
0.009996	1.244000	1.481295
