0.000000	1.496000	1.545299
4.000000E-6	1.496000	1.545499
8.000000E-6	1.496000	1.545299
1.200000E-5	1.496000	1.545299
1.600000E-5	1.496000	1.545299
2.000000E-5	1.496000	1.545299
2.400000E-5	1.496000	1.545299
2.800000E-5	1.496000	1.545299
3.200000E-5	1.496000	1.545099
3.600000E-5	1.496000	1.545299
4.000000E-5	1.496000	1.545299
4.400000E-5	1.496000	1.545299
4.800000E-5	1.496000	1.545299
5.200000E-5	1.496000	1.545299
5.600000E-5	1.496000	1.545299
6.000000E-5	1.496000	1.545299
6.400000E-5	1.496000	1.545099
6.800000E-5	1.496000	1.545299
7.200000E-5	1.496000	1.545299
7.600000E-5	1.496000	1.545299
8.000000E-5	1.496000	1.545299
8.400000E-5	1.496000	1.545299
8.800000E-5	1.496000	1.545299
9.200000E-5	1.496000	1.545299
9.600000E-5	1.496000	1.545299
0.000100	1.496000	1.545299
0.000104	1.496000	1.545499
0.000108	1.496000	1.545299
0.000112	1.496000	1.545499
0.000116	1.496000	1.545499
0.000120	1.496000	1.545299
0.000124	1.496000	1.545299
0.000128	1.496000	1.545499
0.000132	1.496000	1.545499
0.000136	1.496000	1.545299
0.000140	1.496000	1.545299
0.000144	1.496000	1.545499
0.000148	1.496000	1.545499
0.000152	1.496000	1.545299
0.000156	1.496000	1.545299
0.000160	1.496000	1.545499
0.000164	1.496000	1.545299
0.000168	1.496000	1.545299
0.000172	1.496000	1.545299
0.000176	1.496000	1.545299
0.000180	1.496000	1.545299
0.000184	1.496000	1.545499
0.000188	1.496000	1.545499
0.000192	1.496000	1.545299
0.000196	1.496000	1.545299
0.000200	1.496000	1.545299
0.000204	1.496000	1.545299
0.000208	1.496000	1.545299
0.000212	1.496000	1.545299
0.000216	1.496000	1.545299
0.000220	1.496000	1.545499
0.000224	1.496000	1.545499
0.000228	1.496000	1.545299
0.000232	1.496000	1.545299
0.000236	1.496000	1.545499
0.000240	1.496000	1.545299
0.000244	1.496000	1.545499
0.000248	1.496000	1.545299
0.000252	1.496000	1.545299
0.000256	1.496000	1.545499
0.000260	1.496000	1.545299
0.000264	1.496000	1.545299
0.000268	1.496000	1.545299
0.000272	1.496000	1.545499
0.000276	1.496000	1.545499
0.000280	1.496000	1.545499
0.000284	1.496000	1.545499
0.000288	1.496000	1.545499
0.000292	1.496000	1.545499
0.000296	1.496000	1.545499
0.000300	1.496000	1.545499
0.000304	1.496000	1.545699
0.000308	1.496000	1.545499
0.000312	1.496000	1.545499
0.000316	1.496000	1.545499
0.000320	1.496000	1.545499
0.000324	1.496000	1.545499
0.000328	1.496000	1.545299
0.000332	1.496000	1.545499
0.000336	1.496000	1.545499
0.000340	1.496000	1.545299
0.000344	1.496000	1.545499
0.000348	1.496000	1.545299
0.000352	1.496000	1.545299
0.000356	1.496000	1.545699
0.000360	1.664000	1.545499
0.000364	2.028000	1.545299
0.000368	2.140000	1.545299
0.000372	2.172000	1.545299
0.000376	2.180000	1.545299
0.000380	2.184000	1.545499
0.000384	2.184000	1.545299
0.000388	2.184000	1.545299
0.000392	2.184000	1.545299
0.000396	2.184000	1.545299
0.000400	2.184000	1.545299
0.000404	2.184000	1.545299
0.000408	2.184000	1.545299
0.000412	2.184000	1.545299
0.000416	2.180000	1.545299
0.000420	2.180000	1.545699
0.000424	2.180000	1.545299
0.000428	2.180000	1.545299
0.000432	2.176000	1.545299
0.000436	2.176000	1.545299
0.000440	2.176000	1.545299
0.000444	2.176000	1.545299
0.000448	2.180000	1.545299
0.000452	2.172000	1.545299
0.000456	2.176000	1.545299
0.000460	2.172000	1.545299
0.000464	2.172000	1.545299
0.000468	2.172000	1.545299
0.000472	2.172000	1.545499
0.000476	2.168000	1.545499
0.000480	2.168000	1.545499
0.000484	2.168000	1.545299
0.000488	2.168000	1.545499
0.000492	2.168000	1.545499
0.000496	2.168000	1.545299
0.000500	2.168000	1.545299
0.000504	2.164000	1.545499
0.000508	2.164000	1.545499
0.000512	2.164000	1.545299
0.000516	2.164000	1.545299
0.000520	2.164000	1.545299
0.000524	2.164000	1.545499
0.000528	2.160000	1.545299
0.000532	2.164000	1.545299
0.000536	2.160000	1.545499
0.000540	2.160000	1.545299
0.000544	2.160000	1.545299
0.000548	2.160000	1.545299
0.000552	2.156000	1.545299
0.000556	2.156000	1.545499
0.000560	2.156000	1.545299
0.000564	2.156000	1.545299
0.000568	2.156000	1.545299
0.000572	2.152000	1.545499
0.000576	2.156000	1.545499
0.000580	2.152000	1.545499
0.000584	2.152000	1.545299
0.000588	2.152000	1.545499
0.000592	2.152000	1.545499
0.000596	2.148000	1.545499
0.000600	2.148000	1.545299
0.000604	2.148000	1.545499
0.000608	2.144000	1.545499
0.000612	2.148000	1.545499
0.000616	2.148000	1.545499
0.000620	2.144000	1.545499
0.000624	2.144000	1.545499
0.000628	2.144000	1.545499
0.000632	2.144000	1.545499
0.000636	2.144000	1.545299
0.000640	2.140000	1.545499
0.000644	2.140000	1.545299
0.000648	2.140000	1.545499
0.000652	2.140000	1.545299
0.000656	2.140000	1.545499
0.000660	2.140000	1.545499
0.000664	2.136000	1.545499
0.000668	2.140000	1.545499
0.000672	2.136000	1.545499
0.000676	2.136000	1.545299
0.000680	2.136000	1.545299
0.000684	2.136000	1.545499
0.000688	2.132000	1.545499
0.000692	2.136000	1.545299
0.000696	2.132000	1.545499
0.000700	2.132000	1.545299
0.000704	2.132000	1.545499
0.000708	2.132000	1.545499
0.000712	2.132000	1.545299
0.000716	2.132000	1.545299
0.000720	2.132000	1.545499
0.000724	2.128000	1.545499
0.000728	2.128000	1.545499
0.000732	2.128000	1.545499
0.000736	2.128000	1.545499
0.000740	2.128000	1.545299
0.000744	2.128000	1.545499
0.000748	2.128000	1.545499
0.000752	2.128000	1.545499
0.000756	2.128000	1.545699
0.000760	2.124000	1.545499
0.000764	2.124000	1.545499
0.000768	2.124000	1.545299
0.000772	2.124000	1.545499
0.000776	2.120000	1.545499
0.000780	2.120000	1.545699
0.000784	2.120000	1.545499
0.000788	2.120000	1.545499
0.000792	2.124000	1.545499
0.000796	2.120000	1.545499
0.000800	2.120000	1.545499
0.000804	2.120000	1.545499
0.000808	2.120000	1.545499
0.000812	2.120000	1.545499
0.000816	2.116000	1.545499
0.000820	2.116000	1.545499
0.000824	2.120000	1.545499
0.000828	2.116000	1.545299
0.000832	2.116000	1.545499
0.000836	2.116000	1.545499
0.000840	2.116000	1.545499
0.000844	2.116000	1.545499
0.000848	2.112000	1.545299
0.000852	2.112000	1.545499
0.000856	2.112000	1.545499
0.000860	2.112000	1.545499
0.000864	2.112000	1.545499
0.000868	2.108000	1.545499
0.000872	2.112000	1.545499
0.000876	2.108000	1.545699
0.000880	2.108000	1.545499
0.000884	2.108000	1.545499
0.000888	2.108000	1.545499
0.000892	2.108000	1.545499
0.000896	2.108000	1.545299
0.000900	2.108000	1.545499
0.000904	2.108000	1.545499
0.000908	2.104000	1.545499
0.000912	2.104000	1.545499
0.000916	2.104000	1.545499
0.000920	2.104000	1.545499
0.000924	2.104000	1.545499
0.000928	2.104000	1.545499
0.000932	2.104000	1.545499
0.000936	2.104000	1.545499
0.000940	2.100000	1.545299
0.000944	2.100000	1.545499
0.000948	2.100000	1.545499
0.000952	2.100000	1.545699
0.000956	2.100000	1.545499
0.000960	2.100000	1.545499
0.000964	2.100000	1.545699
0.000968	2.100000	1.545499
0.000972	2.096000	1.545499
0.000976	2.100000	1.545499
0.000980	2.096000	1.545499
0.000984	2.096000	1.545299
0.000988	2.096000	1.545499
0.000992	2.096000	1.545499
0.000996	2.096000	1.545499
0.001000	2.096000	1.545499
0.001004	2.096000	1.545499
0.001008	2.096000	1.545699
0.001012	2.096000	1.545499
0.001016	2.092000	1.545499
0.001020	2.092000	1.545499
0.001024	2.092000	1.545499
0.001028	2.092000	1.545499
0.001032	2.092000	1.545299
0.001036	2.092000	1.545499
0.001040	2.092000	1.545499
0.001044	2.092000	1.545499
0.001048	2.092000	1.545499
0.001052	2.088000	1.545499
0.001056	2.088000	1.545299
0.001060	2.088000	1.545299
0.001064	2.092000	1.545499
0.001068	2.088000	1.545299
0.001072	2.088000	1.545499
0.001076	2.088000	1.545299
0.001080	2.088000	1.545499
0.001084	2.088000	1.545499
0.001088	2.088000	1.545299
0.001092	2.084000	1.545499
0.001096	2.084000	1.545499
0.001100	2.084000	1.545499
0.001104	2.084000	1.545499
0.001108	2.084000	1.545299
0.001112	2.084000	1.545499
0.001116	2.084000	1.545499
0.001120	2.084000	1.545499
0.001124	2.084000	1.545499
0.001128	2.080000	1.545499
0.001132	2.080000	1.545299
0.001136	2.080000	1.545499
0.001140	2.080000	1.545499
0.001144	2.080000	1.545499
0.001148	2.080000	1.545299
0.001152	2.080000	1.545499
0.001156	2.080000	1.545499
0.001160	2.076000	1.545499
0.001164	2.076000	1.545499
0.001168	2.076000	1.545499
0.001172	2.076000	1.545499
0.001176	2.076000	1.545499
0.001180	2.076000	1.545499
0.001184	2.076000	1.545499
0.001188	2.076000	1.545699
0.001192	2.076000	1.545499
0.001196	2.076000	1.545499
0.001200	2.076000	1.545499
0.001204	2.072000	1.545499
0.001208	2.072000	1.545699
0.001212	2.072000	1.545699
0.001216	2.072000	1.545499
0.001220	2.072000	1.545499
0.001224	2.072000	1.545299
0.001228	2.072000	1.545499
0.001232	2.072000	1.545499
0.001236	2.072000	1.545499
0.001240	2.068000	1.545499
0.001244	2.072000	1.545499
0.001248	2.072000	1.545499
0.001252	2.068000	1.545699
0.001256	2.068000	1.545499
0.001260	2.068000	1.545499
0.001264	2.068000	1.545499
0.001268	2.068000	1.545499
0.001272	2.068000	1.545499
0.001276	2.068000	1.545499
0.001280	2.068000	1.545299
0.001284	2.068000	1.545499
0.001288	2.064000	1.545499
0.001292	2.068000	1.545499
0.001296	2.064000	1.545499
0.001300	2.064000	1.545499
0.001304	2.064000	1.545499
0.001308	2.064000	1.545299
0.001312	2.064000	1.545499
0.001316	2.064000	1.545499
0.001320	2.064000	1.545499
0.001324	2.064000	1.545499
0.001328	2.064000	1.545499
0.001332	2.064000	1.545499
0.001336	2.060000	1.545499
0.001340	2.060000	1.545499
0.001344	2.060000	1.545499
0.001348	2.060000	1.545699
0.001352	2.060000	1.545499
0.001356	2.064000	1.545499
0.001360	2.060000	1.545499
0.001364	2.060000	1.545499
0.001368	2.056000	1.545499
0.001372	2.060000	1.545299
0.001376	2.060000	1.545499
0.001380	2.056000	1.545499
0.001384	2.060000	1.545499
0.001388	2.056000	1.545699
0.001392	2.056000	1.545299
0.001396	2.056000	1.545499
0.001400	2.056000	1.545299
0.001404	2.056000	1.545499
0.001408	2.056000	1.545499
0.001412	2.056000	1.545499
0.001416	2.056000	1.545499
0.001420	2.056000	1.545499
0.001424	2.052000	1.545499
0.001428	2.052000	1.545499
0.001432	2.052000	1.545499
0.001436	2.052000	1.545499
0.001440	2.052000	1.545499
0.001444	2.052000	1.545499
0.001448	2.052000	1.545699
0.001452	2.052000	1.545499
0.001456	2.048000	1.545499
0.001460	2.052000	1.545499
0.001464	2.052000	1.545499
0.001468	2.048000	1.545499
0.001472	2.048000	1.545499
0.001476	2.048000	1.545299
0.001480	2.048000	1.545499
0.001484	2.048000	1.545499
0.001488	2.048000	1.545499
0.001492	2.048000	1.545499
0.001496	2.048000	1.545499
0.001500	2.048000	1.545499
0.001504	2.048000	1.545299
0.001508	2.048000	1.545499
0.001512	2.048000	1.545499
0.001516	2.048000	1.545499
0.001520	2.048000	1.545499
0.001524	2.044000	1.545299
0.001528	2.048000	1.545499
0.001532	2.044000	1.545499
0.001536	2.044000	1.545499
0.001540	2.044000	1.545299
0.001544	2.044000	1.545299
0.001548	2.044000	1.545299
0.001552	2.044000	1.545499
0.001556	2.044000	1.545299
0.001560	2.044000	1.545499
0.001564	2.040000	1.545299
0.001568	2.044000	1.545299
0.001572	2.040000	1.545299
0.001576	2.040000	1.545499
0.001580	2.040000	1.545499
0.001584	2.040000	1.545299
0.001588	2.040000	1.545299
0.001592	2.040000	1.545299
0.001596	2.040000	1.545499
0.001600	2.040000	1.545299
0.001604	2.040000	1.545299
0.001608	2.040000	1.545299
0.001612	2.040000	1.545499
0.001616	2.040000	1.545499
0.001620	2.040000	1.545499
0.001624	2.036000	1.545499
0.001628	2.036000	1.545299
0.001632	2.036000	1.545499
0.001636	2.036000	1.545299
0.001640	2.036000	1.545499
0.001644	2.036000	1.545499
0.001648	2.036000	1.545499
0.001652	2.036000	1.545499
0.001656	2.036000	1.545499
0.001660	2.036000	1.545499
0.001664	2.036000	1.545499
0.001668	2.036000	1.545499
0.001672	2.032000	1.545299
0.001676	2.032000	1.545499
0.001680	2.032000	1.545299
0.001684	2.032000	1.545299
0.001688	2.036000	1.545299
0.001692	2.032000	1.545299
0.001696	2.032000	1.545299
0.001700	2.032000	1.545499
0.001704	2.032000	1.545499
0.001708	2.032000	1.545499
0.001712	2.028000	1.545499
0.001716	2.032000	1.545499
0.001720	2.028000	1.545299
0.001724	2.032000	1.545499
0.001728	2.032000	1.545499
0.001732	2.028000	1.545299
0.001736	2.028000	1.545499
0.001740	2.028000	1.545299
0.001744	2.028000	1.545299
0.001748	2.028000	1.545299
0.001752	2.028000	1.545299
0.001756	2.028000	1.545299
0.001760	2.028000	1.545299
0.001764	2.028000	1.545499
0.001768	2.028000	1.545499
0.001772	2.028000	1.545299
0.001776	2.028000	1.545299
0.001780	2.028000	1.545299
0.001784	2.028000	1.545099
0.001788	2.024000	1.545299
0.001792	2.028000	1.545499
0.001796	2.024000	1.545299
0.001800	2.024000	1.545499
0.001804	2.024000	1.545299
0.001808	2.024000	1.545299
0.001812	2.024000	1.545299
0.001816	2.024000	1.545299
0.001820	2.024000	1.545499
0.001824	2.024000	1.545299
0.001828	2.024000	1.545299
0.001832	2.024000	1.545299
0.001836	2.024000	1.545499
0.001840	2.024000	1.545499
0.001844	2.024000	1.545499
0.001848	2.024000	1.545499
0.001852	2.020000	1.545499
0.001856	2.024000	1.545299
0.001860	2.020000	1.545299
0.001864	2.020000	1.545299
0.001868	2.020000	1.545299
0.001872	2.020000	1.545299
0.001876	2.020000	1.545299
0.001880	2.020000	1.545299
0.001884	2.020000	1.545299
0.001888	2.020000	1.545299
0.001892	2.020000	1.545299
0.001896	2.016000	1.545299
0.001900	2.016000	1.545499
0.001904	2.016000	1.545299
0.001908	2.016000	1.545299
0.001912	2.016000	1.545499
0.001916	2.016000	1.545299
0.001920	2.016000	1.545499
0.001924	2.016000	1.545299
0.001928	2.012000	1.545299
0.001932	2.016000	1.545299
0.001936	2.012000	1.545299
0.001940	2.016000	1.545299
0.001944	2.012000	1.545299
0.001948	2.012000	1.545299
0.001952	2.012000	1.545299
0.001956	2.012000	1.545099
0.001960	2.012000	1.545299
0.001964	2.012000	1.545299
0.001968	2.012000	1.545299
0.001972	2.012000	1.545299
0.001976	2.012000	1.545099
0.001980	2.012000	1.545299
0.001984	2.012000	1.545299
0.001988	2.012000	1.545299
0.001992	2.012000	1.545299
0.001996	2.012000	1.545299
0.002000	2.008000	1.545299
0.002004	2.008000	1.545099
0.002008	2.008000	1.545099
0.002012	2.008000	1.545099
0.002016	2.008000	1.545099
0.002020	2.008000	1.545099
0.002024	2.008000	1.545099
0.002028	2.008000	1.545099
0.002032	2.008000	1.545099
0.002036	2.008000	1.545099
0.002040	2.008000	1.545299
0.002044	2.008000	1.545299
0.002048	2.008000	1.545299
0.002052	2.008000	1.545099
0.002056	2.004000	1.545099
0.002060	2.004000	1.545099
0.002064	2.008000	1.545099
0.002068	2.004000	1.545299
0.002072	2.004000	1.545099
0.002076	2.004000	1.545099
0.002080	2.004000	1.545099
0.002084	2.004000	1.545099
0.002088	2.004000	1.545099
0.002092	2.004000	1.545099
0.002096	2.004000	1.545099
0.002100	2.004000	1.545099
0.002104	2.004000	1.545099
0.002108	2.004000	1.544899
0.002112	2.004000	1.545099
0.002116	2.000000	1.545099
0.002120	2.004000	1.545099
0.002124	2.004000	1.545099
0.002128	2.004000	1.545099
0.002132	2.000000	1.545099
0.002136	2.000000	1.545099
0.002140	2.004000	1.545099
0.002144	2.000000	1.544899
0.002148	2.000000	1.545099
0.002152	2.000000	1.544899
0.002156	2.000000	1.544899
0.002160	2.000000	1.544899
0.002164	2.000000	1.545099
0.002168	2.000000	1.544899
0.002172	2.000000	1.545099
0.002176	2.000000	1.544899
0.002180	2.000000	1.544899
0.002184	2.000000	1.544899
0.002188	2.000000	1.544699
0.002192	1.996000	1.544899
0.002196	2.000000	1.544899
0.002200	1.996000	1.544699
0.002204	1.996000	1.544699
0.002208	1.996000	1.544499
0.002212	1.996000	1.544899
0.002216	1.996000	1.544699
0.002220	1.996000	1.544699
0.002224	1.996000	1.544499
0.002228	1.996000	1.544699
0.002232	1.996000	1.544899
0.002236	1.996000	1.544699
0.002240	1.996000	1.544499
0.002244	1.996000	1.544499
0.002248	1.996000	1.544499
0.002252	1.996000	1.544499
0.002256	1.996000	1.544699
0.002260	1.996000	1.544499
0.002264	1.996000	1.544499
0.002268	1.992000	1.544299
0.002272	1.992000	1.544499
0.002276	1.992000	1.544499
0.002280	1.992000	1.544299
0.002284	1.992000	1.544299
0.002288	1.992000	1.544299
0.002292	1.992000	1.544299
0.002296	1.992000	1.544299
0.002300	1.992000	1.544299
0.002304	1.992000	1.544299
0.002308	1.992000	1.544099
0.002312	1.988000	1.544099
0.002316	1.992000	1.544099
0.002320	1.988000	1.544099
0.002324	1.992000	1.544099
0.002328	1.992000	1.543899
0.002332	1.988000	1.543899
0.002336	1.988000	1.543899
0.002340	1.988000	1.543899
0.002344	1.988000	1.543699
0.002348	1.988000	1.543699
0.002352	1.988000	1.543699
0.002356	1.988000	1.543699
0.002360	1.988000	1.543499
0.002364	1.988000	1.543499
0.002368	1.988000	1.543699
0.002372	1.988000	1.543499
0.002376	1.988000	1.543499
0.002380	1.988000	1.543499
0.002384	1.988000	1.543299
0.002388	1.988000	1.543299
0.002392	1.988000	1.543299
0.002396	1.984000	1.543099
0.002400	1.988000	1.543099
0.002404	1.988000	1.543099
0.002408	1.984000	1.542899
0.002412	1.984000	1.542899
0.002416	1.984000	1.542699
0.002420	1.984000	1.542499
0.002424	1.984000	1.542499
0.002428	1.984000	1.542299
0.002432	1.984000	1.542299
0.002436	1.984000	1.542299
0.002440	1.984000	1.542099
0.002444	1.984000	1.542099
0.002448	1.980000	1.542099
0.002452	1.984000	1.541899
0.002456	1.984000	1.541899
0.002460	1.984000	1.541699
0.002464	1.984000	1.541699
0.002468	1.984000	1.541499
0.002472	1.984000	1.541299
0.002476	1.980000	1.541299
0.002480	1.980000	1.541099
0.002484	1.980000	1.540899
0.002488	1.980000	1.540899
0.002492	1.980000	1.540699
0.002496	1.980000	1.540299
0.002500	1.980000	1.540299
0.002504	1.980000	1.540099
0.002508	1.980000	1.539899
0.002512	1.980000	1.539499
0.002516	1.980000	1.539499
0.002520	1.980000	1.539098
0.002524	1.980000	1.538898
0.002528	1.980000	1.538698
0.002532	1.980000	1.538498
0.002536	1.980000	1.538098
0.002540	1.980000	1.538098
0.002544	1.980000	1.537698
0.002548	1.980000	1.537298
0.002552	1.976000	1.537298
0.002556	1.976000	1.536898
0.002560	1.976000	1.536698
0.002564	1.976000	1.536298
0.002568	1.976000	1.536098
0.002572	1.976000	1.535898
0.002576	1.976000	1.535298
0.002580	1.976000	1.535298
0.002584	1.976000	1.534698
0.002588	1.976000	1.534298
0.002592	1.976000	1.534098
0.002596	1.976000	1.533498
0.002600	1.976000	1.533098
0.002604	1.976000	1.532698
0.002608	1.976000	1.532498
0.002612	1.972000	1.531898
0.002616	1.972000	1.531698
0.002620	1.976000	1.531098
0.002624	1.976000	1.530698
0.002628	1.976000	1.530298
0.002632	1.972000	1.529698
0.002636	1.972000	1.529298
0.002640	1.972000	1.528898
0.002644	1.972000	1.528498
0.002648	1.972000	1.527898
0.002652	1.972000	1.527698
0.002656	1.972000	1.527298
0.002660	1.972000	1.527298
0.002664	1.972000	1.527298
0.002668	1.972000	1.527298
0.002672	1.972000	1.527298
0.002676	1.972000	1.527298
0.002680	1.972000	1.527298
0.002684	1.972000	1.527298
0.002688	1.972000	1.527298
0.002692	1.972000	1.527298
0.002696	1.968000	1.527298
0.002700	1.972000	1.527298
0.002704	1.968000	1.527298
0.002708	1.968000	1.527298
0.002712	1.968000	1.527298
0.002716	1.968000	1.527298
0.002720	1.968000	1.527298
0.002724	1.968000	1.527298
0.002728	1.972000	1.527298
0.002732	1.968000	1.527298
0.002736	1.968000	1.527298
0.002740	1.968000	1.527298
0.002744	1.968000	1.527298
0.002748	1.968000	1.527298
0.002752	1.968000	1.527298
0.002756	1.968000	1.527298
0.002760	1.968000	1.527298
0.002764	1.968000	1.527298
0.002768	1.968000	1.527298
0.002772	1.964000	1.527298
0.002776	1.964000	1.527298
0.002780	1.964000	1.527298
0.002784	1.964000	1.527298
0.002788	1.964000	1.527298
0.002792	1.964000	1.527298
0.002796	1.964000	1.527298
0.002800	1.964000	1.527298
0.002804	1.964000	1.527298
0.002808	1.964000	1.527298
0.002812	1.964000	1.527298
0.002816	1.964000	1.527298
0.002820	1.964000	1.527298
0.002824	1.964000	1.527298
0.002828	1.964000	1.527298
0.002832	1.964000	1.527298
0.002836	1.964000	1.527298
0.002840	1.964000	1.527298
0.002844	1.964000	1.527298
0.002848	1.960000	1.527298
0.002852	1.964000	1.527298
0.002856	1.964000	1.527298
0.002860	1.964000	1.527298
0.002864	1.964000	1.527298
0.002868	1.960000	1.527298
0.002872	1.960000	1.527298
0.002876	1.960000	1.527298
0.002880	1.960000	1.527298
0.002884	1.960000	1.527298
0.002888	1.964000	1.527298
0.002892	1.960000	1.527298
0.002896	1.960000	1.527298
0.002900	1.960000	1.527298
0.002904	1.960000	1.527298
0.002908	1.960000	1.527298
0.002912	1.960000	1.527298
0.002916	1.960000	1.527298
0.002920	1.960000	1.527298
0.002924	1.960000	1.527298
0.002928	1.960000	1.527298
0.002932	1.960000	1.527298
0.002936	1.960000	1.527298
0.002940	1.960000	1.527298
0.002944	1.956000	1.527298
0.002948	1.960000	1.527298
0.002952	1.960000	1.527298
0.002956	1.960000	1.527298
0.002960	1.956000	1.527298
0.002964	1.956000	1.527298
0.002968	1.960000	1.527298
0.002972	1.960000	1.527298
0.002976	1.956000	1.527298
0.002980	1.956000	1.527298
0.002984	1.956000	1.527298
0.002988	1.956000	1.527298
0.002992	1.956000	1.527298
0.002996	1.956000	1.527298
0.003000	1.956000	1.527298
0.003004	1.956000	1.527298
0.003008	1.956000	1.527298
0.003012	1.956000	1.527298
0.003016	1.956000	1.527298
0.003020	1.952000	1.527298
0.003024	1.956000	1.527298
0.003028	1.952000	1.527298
0.003032	1.952000	1.527298
0.003036	1.956000	1.527298
0.003040	1.956000	1.527298
0.003044	1.952000	1.527298
0.003048	1.952000	1.527298
0.003052	1.952000	1.527298
0.003056	1.956000	1.527298
0.003060	1.956000	1.527298
0.003064	1.952000	1.527298
0.003068	1.952000	1.527298
0.003072	1.952000	1.527298
0.003076	1.952000	1.527298
0.003080	1.952000	1.527298
0.003084	1.952000	1.527298
0.003088	1.952000	1.527298
0.003092	1.952000	1.527298
0.003096	1.952000	1.527298
0.003100	1.952000	1.527298
0.003104	1.952000	1.527298
0.003108	1.952000	1.527298
0.003112	1.948000	1.527298
0.003116	1.952000	1.527298
0.003120	1.952000	1.527298
0.003124	1.948000	1.527298
0.003128	1.948000	1.527298
0.003132	1.952000	1.527298
0.003136	1.948000	1.527298
0.003140	1.948000	1.527298
0.003144	1.948000	1.527298
0.003148	1.948000	1.527298
0.003152	1.948000	1.527298
0.003156	1.948000	1.527298
0.003160	1.948000	1.527298
0.003164	1.948000	1.527298
0.003168	1.948000	1.527298
0.003172	1.948000	1.527298
0.003176	1.948000	1.527298
0.003180	1.948000	1.527298
0.003184	1.948000	1.527298
0.003188	1.948000	1.527298
0.003192	1.948000	1.527298
0.003196	1.948000	1.527298
0.003200	1.948000	1.527298
0.003204	1.948000	1.527298
0.003208	1.944000	1.527298
0.003212	1.944000	1.527298
0.003216	1.944000	1.527298
0.003220	1.948000	1.527298
0.003224	1.944000	1.527298
0.003228	1.944000	1.527298
0.003232	1.944000	1.527298
0.003236	1.944000	1.527298
0.003240	1.944000	1.527298
0.003244	1.944000	1.527298
0.003248	1.944000	1.527298
0.003252	1.944000	1.527298
0.003256	1.944000	1.527298
0.003260	1.944000	1.527298
0.003264	1.944000	1.527298
0.003268	1.944000	1.527298
0.003272	1.944000	1.527298
0.003276	1.944000	1.527298
0.003280	1.944000	1.527298
0.003284	1.944000	1.527298
0.003288	1.944000	1.527298
0.003292	1.944000	1.527298
0.003296	1.944000	1.527298
0.003300	1.944000	1.527298
0.003304	1.940000	1.527298
0.003308	1.940000	1.527298
0.003312	1.940000	1.527298
0.003316	1.944000	1.527298
0.003320	1.944000	1.527298
0.003324	1.940000	1.527298
0.003328	1.940000	1.527298
0.003332	1.940000	1.527298
0.003336	1.940000	1.527298
0.003340	1.940000	1.527298
0.003344	1.940000	1.527298
0.003348	1.940000	1.527298
0.003352	1.940000	1.527298
0.003356	1.940000	1.527298
0.003360	1.940000	1.527298
0.003364	1.940000	1.527298
0.003368	1.940000	1.527298
0.003372	1.940000	1.527298
0.003376	1.940000	1.527298
0.003380	1.940000	1.527298
0.003384	1.940000	1.527298
0.003388	1.940000	1.527298
0.003392	1.936000	1.527298
0.003396	1.936000	1.527298
0.003400	1.936000	1.527298
0.003404	1.940000	1.527298
0.003408	1.940000	1.527298
0.003412	1.940000	1.527298
0.003416	1.936000	1.527298
0.003420	1.936000	1.527298
0.003424	1.940000	1.527298
0.003428	1.936000	1.527298
0.003432	1.940000	1.527298
0.003436	1.936000	1.527298
0.003440	1.936000	1.527298
0.003444	1.936000	1.527298
0.003448	1.936000	1.527298
0.003452	1.936000	1.527298
0.003456	1.936000	1.527298
0.003460	1.936000	1.527298
0.003464	1.936000	1.527298
0.003468	1.936000	1.527298
0.003472	1.936000	1.527298
0.003476	1.936000	1.527298
0.003480	1.936000	1.527298
0.003484	1.936000	1.527298
0.003488	1.936000	1.527298
0.003492	1.936000	1.527298
0.003496	1.932000	1.527298
0.003500	1.932000	1.527298
0.003504	1.932000	1.527298
0.003508	1.932000	1.527298
0.003512	1.936000	1.527298
0.003516	1.936000	1.527298
0.003520	1.932000	1.527298
0.003524	1.932000	1.527298
0.003528	1.932000	1.527298
0.003532	1.932000	1.527298
0.003536	1.932000	1.527298
0.003540	1.932000	1.527298
0.003544	1.932000	1.527298
0.003548	1.932000	1.527298
0.003552	1.932000	1.527298
0.003556	1.932000	1.527298
0.003560	1.932000	1.527298
0.003564	1.932000	1.527298
0.003568	1.932000	1.527298
0.003572	1.932000	1.527298
0.003576	1.932000	1.527298
0.003580	1.932000	1.527298
0.003584	1.932000	1.527298
0.003588	1.932000	1.527298
0.003592	1.928000	1.527298
0.003596	1.932000	1.527298
0.003600	1.932000	1.527298
0.003604	1.928000	1.527298
0.003608	1.932000	1.527298
0.003612	1.932000	1.527298
0.003616	1.928000	1.527298
0.003620	1.932000	1.527298
0.003624	1.928000	1.527298
0.003628	1.928000	1.527298
0.003632	1.932000	1.527298
0.003636	1.928000	1.527298
0.003640	1.928000	1.527298
0.003644	1.928000	1.527298
0.003648	1.928000	1.527298
0.003652	1.928000	1.527298
0.003656	1.928000	1.527298
0.003660	1.928000	1.527298
0.003664	1.928000	1.527298
0.003668	1.928000	1.527298
0.003672	1.928000	1.527298
0.003676	1.928000	1.527298
0.003680	1.928000	1.527298
0.003684	1.928000	1.527298
0.003688	1.928000	1.527298
0.003692	1.928000	1.527298
0.003696	1.928000	1.527298
0.003700	1.928000	1.527298
0.003704	1.928000	1.527298
0.003708	1.928000	1.527298
0.003712	1.928000	1.527298
0.003716	1.928000	1.527298
0.003720	1.928000	1.527298
0.003724	1.928000	1.527298
0.003728	1.928000	1.527298
0.003732	1.928000	1.527298
0.003736	1.928000	1.527298
0.003740	1.928000	1.527298
0.003744	1.924000	1.527298
0.003748	1.928000	1.527298
0.003752	1.924000	1.527298
0.003756	1.924000	1.527298
0.003760	1.924000	1.527298
0.003764	1.924000	1.527298
0.003768	1.924000	1.527298
0.003772	1.924000	1.527298
0.003776	1.924000	1.527298
0.003780	1.924000	1.527298
0.003784	1.924000	1.527298
0.003788	1.924000	1.527298
0.003792	1.924000	1.527298
0.003796	1.924000	1.527298
0.003800	1.924000	1.527298
0.003804	1.924000	1.527298
0.003808	1.924000	1.527298
0.003812	1.924000	1.527298
0.003816	1.924000	1.527298
0.003820	1.924000	1.527298
0.003824	1.924000	1.527298
0.003828	1.924000	1.527298
0.003832	1.920000	1.527298
0.003836	1.924000	1.527298
0.003840	1.924000	1.527298
0.003844	1.920000	1.527298
0.003848	1.924000	1.527298
0.003852	1.924000	1.527298
0.003856	1.920000	1.527298
0.003860	1.920000	1.527298
0.003864	1.920000	1.527298
0.003868	1.920000	1.527298
0.003872	1.920000	1.527298
0.003876	1.920000	1.527298
0.003880	1.920000	1.527298
0.003884	1.920000	1.527298
0.003888	1.920000	1.527298
0.003892	1.920000	1.527298
0.003896	1.920000	1.527298
0.003900	1.920000	1.527298
0.003904	1.920000	1.527298
0.003908	1.920000	1.527298
0.003912	1.916000	1.527298
0.003916	1.920000	1.527298
0.003920	1.920000	1.527298
0.003924	1.920000	1.527298
0.003928	1.916000	1.527298
0.003932	1.920000	1.527298
0.003936	1.916000	1.527298
0.003940	1.920000	1.527298
0.003944	1.916000	1.527298
0.003948	1.920000	1.527298
0.003952	1.920000	1.527298
0.003956	1.916000	1.527298
0.003960	1.916000	1.527298
0.003964	1.920000	1.527298
0.003968	1.920000	1.527298
0.003972	1.920000	1.527298
0.003976	1.916000	1.527298
0.003980	1.916000	1.527298
0.003984	1.916000	1.527298
0.003988	1.916000	1.527298
0.003992	1.916000	1.527298
0.003996	1.916000	1.527298
0.004000	1.916000	1.527298
0.004004	1.916000	1.527298
0.004008	1.916000	1.527298
0.004012	1.916000	1.527298
0.004016	1.916000	1.527298
0.004020	1.916000	1.527298
0.004024	1.916000	1.527298
0.004028	1.916000	1.527298
0.004032	1.916000	1.527298
0.004036	1.916000	1.527298
0.004040	1.916000	1.527298
0.004044	1.916000	1.527298
0.004048	1.916000	1.527298
0.004052	1.916000	1.527298
0.004056	1.916000	1.527298
0.004060	1.916000	1.527298
0.004064	1.916000	1.527298
0.004068	1.916000	1.527298
0.004072	1.912000	1.527298
0.004076	1.912000	1.527298
0.004080	1.912000	1.527298
0.004084	1.912000	1.527298
0.004088	1.912000	1.527298
0.004092	1.912000	1.527298
0.004096	1.912000	1.527298
0.004100	1.912000	1.527298
0.004104	1.916000	1.527298
0.004108	1.912000	1.527298
0.004112	1.912000	1.527298
0.004116	1.912000	1.527298
0.004120	1.912000	1.527298
0.004124	1.912000	1.527298
0.004128	1.912000	1.527298
0.004132	1.912000	1.527298
0.004136	1.912000	1.527298
0.004140	1.912000	1.527298
0.004144	1.912000	1.527298
0.004148	1.912000	1.527298
0.004152	1.912000	1.527298
0.004156	1.912000	1.527298
0.004160	1.912000	1.527298
0.004164	1.912000	1.527298
0.004168	1.912000	1.527298
0.004172	1.912000	1.527298
0.004176	1.912000	1.527298
0.004180	1.908000	1.527298
0.004184	1.912000	1.527298
0.004188	1.908000	1.527298
0.004192	1.912000	1.527298
0.004196	1.908000	1.527298
0.004200	1.912000	1.527298
0.004204	1.908000	1.527298
0.004208	1.908000	1.527298
0.004212	1.908000	1.527298
0.004216	1.908000	1.527298
0.004220	1.908000	1.527298
0.004224	1.908000	1.527298
0.004228	1.908000	1.527298
0.004232	1.912000	1.527298
0.004236	1.908000	1.527298
0.004240	1.908000	1.527298
0.004244	1.908000	1.527298
0.004248	1.908000	1.527298
0.004252	1.908000	1.527298
0.004256	1.908000	1.527298
0.004260	1.908000	1.527298
0.004264	1.908000	1.527298
0.004268	1.908000	1.527298
0.004272	1.908000	1.527298
0.004276	1.908000	1.527298
0.004280	1.908000	1.527298
0.004284	1.908000	1.527298
0.004288	1.908000	1.527298
0.004292	1.908000	1.527298
0.004296	1.908000	1.527298
0.004300	1.908000	1.527298
0.004304	1.908000	1.527298
0.004308	1.908000	1.527298
0.004312	1.908000	1.527298
0.004316	1.908000	1.527298
0.004320	1.908000	1.527298
0.004324	1.904000	1.527298
0.004328	1.904000	1.527298
0.004332	1.908000	1.527298
0.004336	1.908000	1.527298
0.004340	1.908000	1.527298
0.004344	1.908000	1.527298
0.004348	1.908000	1.527298
0.004352	1.908000	1.527298
0.004356	1.904000	1.527298
0.004360	1.904000	1.527298
0.004364	1.904000	1.527298
0.004368	1.904000	1.527298
0.004372	1.904000	1.527298
0.004376	1.904000	1.527298
0.004380	1.904000	1.527298
0.004384	1.904000	1.527298
0.004388	1.904000	1.527298
0.004392	1.904000	1.527298
0.004396	1.904000	1.527298
0.004400	1.908000	1.527298
0.004404	1.904000	1.527298
0.004408	1.904000	1.527298
0.004412	1.904000	1.527298
0.004416	1.904000	1.527298
0.004420	1.904000	1.527298
0.004424	1.904000	1.527298
0.004428	1.904000	1.527298
0.004432	1.904000	1.527298
0.004436	1.904000	1.527298
0.004440	1.904000	1.527298
0.004444	1.904000	1.527298
0.004448	1.904000	1.527298
0.004452	1.904000	1.527298
0.004456	1.900000	1.527298
0.004460	1.904000	1.527298
0.004464	1.904000	1.527298
0.004468	1.900000	1.527298
0.004472	1.904000	1.527298
0.004476	1.904000	1.527298
0.004480	1.900000	1.527298
0.004484	1.900000	1.527298
0.004488	1.900000	1.527298
0.004492	1.900000	1.527298
0.004496	1.900000	1.527298
0.004500	1.904000	1.527298
0.004504	1.900000	1.527298
0.004508	1.900000	1.527298
0.004512	1.900000	1.527298
0.004516	1.900000	1.527298
0.004520	1.900000	1.527298
0.004524	1.900000	1.527298
0.004528	1.900000	1.527298
0.004532	1.900000	1.527298
0.004536	1.900000	1.527298
0.004540	1.900000	1.527298
0.004544	1.900000	1.527298
0.004548	1.900000	1.527298
0.004552	1.900000	1.527298
0.004556	1.900000	1.527298
0.004560	1.900000	1.527298
0.004564	1.900000	1.527298
0.004568	1.900000	1.527298
0.004572	1.900000	1.527298
0.004576	1.900000	1.527298
0.004580	1.900000	1.527298
0.004584	1.900000	1.527298
0.004588	1.900000	1.527298
0.004592	1.900000	1.527298
0.004596	1.900000	1.527298
0.004600	1.900000	1.527298
0.004604	1.900000	1.527298
0.004608	1.900000	1.527298
0.004612	1.900000	1.527298
0.004616	1.900000	1.527298
0.004620	1.896000	1.527298
0.004624	1.896000	1.527298
0.004628	1.900000	1.527298
0.004632	1.900000	1.527298
0.004636	1.896000	1.527298
0.004640	1.896000	1.527298
0.004644	1.900000	1.527298
0.004648	1.896000	1.527298
0.004652	1.896000	1.527298
0.004656	1.896000	1.527298
0.004660	1.896000	1.527298
0.004664	1.896000	1.527298
0.004668	1.896000	1.527298
0.004672	1.896000	1.527298
0.004676	1.896000	1.527298
0.004680	1.896000	1.527298
0.004684	1.896000	1.527298
0.004688	1.896000	1.527298
0.004692	1.896000	1.527298
0.004696	1.896000	1.527298
0.004700	1.896000	1.527298
0.004704	1.896000	1.527298
0.004708	1.896000	1.527298
0.004712	1.896000	1.527298
0.004716	1.896000	1.527298
0.004720	1.896000	1.527298
0.004724	1.896000	1.527298
0.004728	1.896000	1.527298
0.004732	1.896000	1.527298
0.004736	1.896000	1.527298
0.004740	1.896000	1.527298
0.004744	1.896000	1.527298
0.004748	1.896000	1.527298
0.004752	1.896000	1.527298
0.004756	1.896000	1.527298
0.004760	1.896000	1.527298
0.004764	1.896000	1.527298
0.004768	1.896000	1.527298
0.004772	1.896000	1.527298
0.004776	1.896000	1.527298
0.004780	1.892000	1.527298
0.004784	1.892000	1.527298
0.004788	1.892000	1.527298
0.004792	1.896000	1.527298
0.004796	1.896000	1.527298
0.004800	1.896000	1.527298
0.004804	1.892000	1.527298
0.004808	1.896000	1.527298
0.004812	1.892000	1.527298
0.004816	1.892000	1.527298
0.004820	1.892000	1.527298
0.004824	1.892000	1.527298
0.004828	1.896000	1.527298
0.004832	1.892000	1.527298
0.004836	1.892000	1.527298
0.004840	1.892000	1.527298
0.004844	1.892000	1.527298
0.004848	1.892000	1.527298
0.004852	1.892000	1.527298
0.004856	1.892000	1.527298
0.004860	1.892000	1.527298
0.004864	1.892000	1.527298
0.004868	1.892000	1.527298
0.004872	1.892000	1.527298
0.004876	1.892000	1.527298
0.004880	1.892000	1.527298
0.004884	1.892000	1.527298
0.004888	1.892000	1.527298
0.004892	1.892000	1.527298
0.004896	1.892000	1.527298
0.004900	1.892000	1.527298
0.004904	1.892000	1.527298
0.004908	1.892000	1.527298
0.004912	1.892000	1.527298
0.004916	1.892000	1.527298
0.004920	1.892000	1.527498
0.004924	1.892000	1.527298
0.004928	1.892000	1.527498
0.004932	1.892000	1.527498
0.004936	1.888000	1.527498
0.004940	1.892000	1.527498
0.004944	1.892000	1.527498
0.004948	1.892000	1.527498
0.004952	1.892000	1.527498
0.004956	1.892000	1.527498
0.004960	1.892000	1.527698
0.004964	1.892000	1.527498
0.004968	1.888000	1.527698
0.004972	1.888000	1.527498
0.004976	1.892000	1.527498
0.004980	1.888000	1.527498
0.004984	1.888000	1.527698
0.004988	1.892000	1.527498
0.004992	1.888000	1.527698
0.004996	1.892000	1.527698
0.005000	1.888000	1.527698
0.005004	1.892000	1.527698
0.005008	1.888000	1.527698
0.005012	1.892000	1.527898
0.005016	1.888000	1.527898
0.005020	1.888000	1.527898
0.005024	1.888000	1.527898
0.005028	1.888000	1.527898
0.005032	1.888000	1.527898
0.005036	1.888000	1.528098
0.005040	1.888000	1.527898
0.005044	1.888000	1.527898
0.005048	1.888000	1.527898
0.005052	1.888000	1.528098
0.005056	1.888000	1.528098
0.005060	1.888000	1.527898
0.005064	1.888000	1.527898
0.005068	1.888000	1.527898
0.005072	1.884000	1.527898
0.005076	1.888000	1.528098
0.005080	1.888000	1.527898
0.005084	1.888000	1.528098
0.005088	1.884000	1.527898
0.005092	1.888000	1.527898
0.005096	1.888000	1.528098
0.005100	1.888000	1.527898
0.005104	1.884000	1.528098
0.005108	1.888000	1.528298
0.005112	1.888000	1.528098
0.005116	1.888000	1.528298
0.005120	1.888000	1.528098
0.005124	1.888000	1.528298
0.005128	1.888000	1.528298
0.005132	1.884000	1.528498
0.005136	1.884000	1.528298
0.005140	1.888000	1.528298
0.005144	1.884000	1.528298
0.005148	1.884000	1.528498
0.005152	1.888000	1.528298
0.005156	1.884000	1.528298
0.005160	1.884000	1.528498
0.005164	1.888000	1.528498
0.005168	1.884000	1.528498
0.005172	1.884000	1.528298
0.005176	1.884000	1.528498
0.005180	1.888000	1.528298
0.005184	1.884000	1.528698
0.005188	1.880000	1.528498
0.005192	1.884000	1.528698
0.005196	1.884000	1.528498
0.005200	1.884000	1.528698
0.005204	1.884000	1.528698
0.005208	1.884000	1.528698
0.005212	1.884000	1.528498
0.005216	1.884000	1.528698
0.005220	1.884000	1.528698
0.005224	1.884000	1.528698
0.005228	1.884000	1.528698
0.005232	1.884000	1.528698
0.005236	1.884000	1.528698
0.005240	1.880000	1.528698
0.005244	1.884000	1.528898
0.005248	1.884000	1.528898
0.005252	1.884000	1.528698
0.005256	1.884000	1.528898
0.005260	1.884000	1.528898
0.005264	1.884000	1.528898
0.005268	1.884000	1.528898
0.005272	1.884000	1.529098
0.005276	1.884000	1.528898
0.005280	1.884000	1.528898
0.005284	1.884000	1.528898
0.005288	1.884000	1.529098
0.005292	1.884000	1.529098
0.005296	1.884000	1.529098
0.005300	1.884000	1.529098
0.005304	1.880000	1.529298
0.005308	1.884000	1.529098
0.005312	1.884000	1.529098
0.005316	1.880000	1.529098
0.005320	1.884000	1.529298
0.005324	1.884000	1.529098
0.005328	1.880000	1.529098
0.005332	1.880000	1.529298
0.005336	1.880000	1.529298
0.005340	1.880000	1.529098
0.005344	1.880000	1.529298
0.005348	1.880000	1.529298
0.005352	1.880000	1.529298
0.005356	1.884000	1.529298
0.005360	1.880000	1.529298
0.005364	1.884000	1.529298
0.005368	1.880000	1.529298
0.005372	1.880000	1.529498
0.005376	1.880000	1.529298
0.005380	1.880000	1.529298
0.005384	1.880000	1.529498
0.005388	1.880000	1.529498
0.005392	1.880000	1.529498
0.005396	1.880000	1.529498
0.005400	1.880000	1.529498
0.005404	1.880000	1.529498
0.005408	1.880000	1.529298
0.005412	1.880000	1.529498
0.005416	1.880000	1.529698
0.005420	1.880000	1.529698
0.005424	1.880000	1.529698
0.005428	1.880000	1.529698
0.005432	1.876000	1.529498
0.005436	1.880000	1.529498
0.005440	1.880000	1.529498
0.005444	1.880000	1.529698
0.005448	1.880000	1.529698
0.005452	1.880000	1.529898
0.005456	1.880000	1.529498
0.005460	1.880000	1.529698
0.005464	1.876000	1.529698
0.005468	1.880000	1.529898
0.005472	1.876000	1.529898
0.005476	1.880000	1.529898
0.005480	1.876000	1.529698
0.005484	1.876000	1.529898
0.005488	1.880000	1.529898
0.005492	1.876000	1.529898
0.005496	1.880000	1.529898
0.005500	1.880000	1.529898
0.005504	1.876000	1.529898
0.005508	1.876000	1.529698
0.005512	1.876000	1.529898
0.005516	1.876000	1.529898
0.005520	1.880000	1.529898
0.005524	1.876000	1.529898
0.005528	1.876000	1.530098
0.005532	1.876000	1.530098
0.005536	1.876000	1.530098
0.005540	1.876000	1.530098
0.005544	1.880000	1.530098
0.005548	1.876000	1.530098
0.005552	1.876000	1.529898
0.005556	1.876000	1.530098
0.005560	1.876000	1.529898
0.005564	1.876000	1.530098
0.005568	1.876000	1.530098
0.005572	1.876000	1.530298
0.005576	1.876000	1.530098
0.005580	1.876000	1.530098
0.005584	1.876000	1.530298
0.005588	1.876000	1.530298
0.005592	1.876000	1.530498
0.005596	1.876000	1.530298
0.005600	1.876000	1.530498
0.005604	1.876000	1.530498
0.005608	1.876000	1.530498
0.005612	1.876000	1.530298
0.005616	1.876000	1.530498
0.005620	1.876000	1.530298
0.005624	1.876000	1.530298
0.005628	1.876000	1.530498
0.005632	1.876000	1.530498
0.005636	1.876000	1.530298
0.005640	1.876000	1.530298
0.005644	1.876000	1.530498
0.005648	1.872000	1.530498
0.005652	1.876000	1.530498
0.005656	1.876000	1.530498
0.005660	1.876000	1.530298
0.005664	1.876000	1.530498
0.005668	1.876000	1.530498
0.005672	1.872000	1.530698
0.005676	1.876000	1.530498
0.005680	1.876000	1.530698
0.005684	1.876000	1.530698
0.005688	1.876000	1.530698
0.005692	1.872000	1.530898
0.005696	1.872000	1.530698
0.005700	1.872000	1.530698
0.005704	1.872000	1.530698
0.005708	1.872000	1.530698
0.005712	1.872000	1.530898
0.005716	1.872000	1.530698
0.005720	1.876000	1.530698
0.005724	1.872000	1.530898
0.005728	1.872000	1.530898
0.005732	1.872000	1.530698
0.005736	1.872000	1.530898
0.005740	1.876000	1.530898
0.005744	1.872000	1.531098
0.005748	1.876000	1.530898
0.005752	1.872000	1.530898
0.005756	1.872000	1.531098
0.005760	1.876000	1.531098
0.005764	1.872000	1.531098
0.005768	1.872000	1.530898
0.005772	1.872000	1.531098
0.005776	1.872000	1.531098
0.005780	1.872000	1.531098
0.005784	1.872000	1.531098
0.005788	1.872000	1.531098
0.005792	1.872000	1.531098
0.005796	1.872000	1.531098
0.005800	1.872000	1.531098
0.005804	1.872000	1.531098
0.005808	1.872000	1.531098
0.005812	1.872000	1.531098
0.005816	1.872000	1.531098
0.005820	1.872000	1.531098
0.005824	1.872000	1.531098
0.005828	1.872000	1.531098
0.005832	1.872000	1.531098
0.005836	1.872000	1.531298
0.005840	1.872000	1.531098
0.005844	1.872000	1.531098
0.005848	1.872000	1.531298
0.005852	1.872000	1.531298
0.005856	1.872000	1.531298
0.005860	1.872000	1.531298
0.005864	1.868000	1.531298
0.005868	1.872000	1.531498
0.005872	1.872000	1.531498
0.005876	1.872000	1.531498
0.005880	1.872000	1.531498
0.005884	1.872000	1.531298
0.005888	1.872000	1.531298
0.005892	1.872000	1.531498
0.005896	1.868000	1.531298
0.005900	1.872000	1.531698
0.005904	1.872000	1.531498
0.005908	1.872000	1.531498
0.005912	1.872000	1.531498
0.005916	1.872000	1.531698
0.005920	1.868000	1.531698
0.005924	1.872000	1.531698
0.005928	1.872000	1.531698
0.005932	1.868000	1.531498
0.005936	1.868000	1.531698
0.005940	1.868000	1.531698
0.005944	1.872000	1.531698
0.005948	1.868000	1.531698
0.005952	1.872000	1.531698
0.005956	1.868000	1.531498
0.005960	1.868000	1.531698
0.005964	1.872000	1.531698
0.005968	1.872000	1.531898
0.005972	1.872000	1.531698
0.005976	1.868000	1.531698
0.005980	1.868000	1.531698
0.005984	1.868000	1.531698
0.005988	1.868000	1.531898
0.005992	1.868000	1.531698
0.005996	1.868000	1.531898
0.006000	1.872000	1.531898
0.006004	1.868000	1.531898
0.006008	1.868000	1.531898
0.006012	1.868000	1.531898
0.006016	1.868000	1.531898
0.006020	1.868000	1.531898
0.006024	1.868000	1.531898
0.006028	1.868000	1.531898
0.006032	1.868000	1.532098
0.006036	1.868000	1.532098
0.006040	1.868000	1.532098
0.006044	1.868000	1.532098
0.006048	1.868000	1.532098
0.006052	1.868000	1.532098
0.006056	1.868000	1.532098
0.006060	1.868000	1.532098
0.006064	1.868000	1.532298
0.006068	1.868000	1.532298
0.006072	1.868000	1.532298
0.006076	1.868000	1.532098
0.006080	1.868000	1.532298
0.006084	1.868000	1.532298
0.006088	1.868000	1.532298
0.006092	1.868000	1.532298
0.006096	1.868000	1.532298
0.006100	1.864000	1.532298
0.006104	1.868000	1.532298
0.006108	1.868000	1.532098
0.006112	1.868000	1.532298
0.006116	1.868000	1.532298
0.006120	1.868000	1.532498
0.006124	1.864000	1.532298
0.006128	1.868000	1.532298
0.006132	1.868000	1.532298
0.006136	1.868000	1.532298
0.006140	1.868000	1.532098
0.006144	1.868000	1.532298
0.006148	1.864000	1.532298
0.006152	1.864000	1.532498
0.006156	1.864000	1.532498
0.006160	1.868000	1.532498
0.006164	1.864000	1.532498
0.006168	1.864000	1.532498
0.006172	1.868000	1.532298
0.006176	1.864000	1.532698
0.006180	1.864000	1.532698
0.006184	1.864000	1.532498
0.006188	1.864000	1.532498
0.006192	1.864000	1.532698
0.006196	1.864000	1.532498
0.006200	1.864000	1.532498
0.006204	1.864000	1.532498
0.006208	1.864000	1.532698
0.006212	1.868000	1.532698
0.006216	1.864000	1.532698
0.006220	1.864000	1.532698
0.006224	1.864000	1.532698
0.006228	1.864000	1.532698
0.006232	1.864000	1.532498
0.006236	1.864000	1.532698
0.006240	1.864000	1.532698
0.006244	1.864000	1.532698
0.006248	1.864000	1.532698
0.006252	1.864000	1.532698
0.006256	1.864000	1.532698
0.006260	1.864000	1.532898
0.006264	1.864000	1.532698
0.006268	1.864000	1.532698
0.006272	1.864000	1.532698
0.006276	1.864000	1.532898
0.006280	1.864000	1.532898
0.006284	1.864000	1.532698
0.006288	1.864000	1.532898
0.006292	1.864000	1.532898
0.006296	1.864000	1.532898
0.006300	1.864000	1.532898
0.006304	1.864000	1.532898
0.006308	1.864000	1.532898
0.006312	1.864000	1.532898
0.006316	1.864000	1.533098
0.006320	1.864000	1.532898
0.006324	1.864000	1.532898
0.006328	1.864000	1.532898
0.006332	1.864000	1.532898
0.006336	1.864000	1.532898
0.006340	1.864000	1.533098
0.006344	1.864000	1.533098
0.006348	1.864000	1.533098
0.006352	1.864000	1.533098
0.006356	1.864000	1.533098
0.006360	1.864000	1.533098
0.006364	1.864000	1.533098
0.006368	1.864000	1.533298
0.006372	1.864000	1.533298
0.006376	1.864000	1.533298
0.006380	1.860000	1.533098
0.006384	1.864000	1.533298
0.006388	1.860000	1.533098
0.006392	1.864000	1.533298
0.006396	1.860000	1.533298
0.006400	1.864000	1.533298
0.006404	1.860000	1.533298
0.006408	1.864000	1.533298
0.006412	1.864000	1.533298
0.006416	1.864000	1.533298
0.006420	1.860000	1.533298
0.006424	1.860000	1.533498
0.006428	1.864000	1.533298
0.006432	1.860000	1.533298
0.006436	1.860000	1.533298
0.006440	1.860000	1.533498
0.006444	1.860000	1.533498
0.006448	1.864000	1.533498
0.006452	1.864000	1.533498
0.006456	1.864000	1.533498
0.006460	1.860000	1.533498
0.006464	1.860000	1.533498
0.006468	1.860000	1.533498
0.006472	1.860000	1.533498
0.006476	1.860000	1.533498
0.006480	1.860000	1.533498
0.006484	1.860000	1.533498
0.006488	1.860000	1.533498
0.006492	1.864000	1.533498
0.006496	1.860000	1.533498
0.006500	1.864000	1.533698
0.006504	1.860000	1.533498
0.006508	1.860000	1.533698
0.006512	1.860000	1.533698
0.006516	1.860000	1.533698
0.006520	1.860000	1.533698
0.006524	1.860000	1.533698
0.006528	1.860000	1.533698
0.006532	1.860000	1.533498
0.006536	1.860000	1.533698
0.006540	1.860000	1.533698
0.006544	1.864000	1.533698
0.006548	1.860000	1.533698
0.006552	1.860000	1.533698
0.006556	1.860000	1.533898
0.006560	1.860000	1.533698
0.006564	1.860000	1.533898
0.006568	1.860000	1.533698
0.006572	1.860000	1.533698
0.006576	1.860000	1.534098
0.006580	1.860000	1.533898
0.006584	1.860000	1.533898
0.006588	1.860000	1.533898
0.006592	1.860000	1.533898
0.006596	1.860000	1.533898
0.006600	1.860000	1.533898
0.006604	1.860000	1.533898
0.006608	1.860000	1.533898
0.006612	1.860000	1.533898
0.006616	1.860000	1.533898
0.006620	1.860000	1.533898
0.006624	1.860000	1.533898
0.006628	1.860000	1.533698
0.006632	1.860000	1.533898
0.006636	1.860000	1.533898
0.006640	1.860000	1.533898
0.006644	1.860000	1.533898
0.006648	1.860000	1.534098
0.006652	1.860000	1.534098
0.006656	1.860000	1.534098
0.006660	1.860000	1.534098
0.006664	1.860000	1.534098
0.006668	1.860000	1.534098
0.006672	1.860000	1.534298
0.006676	1.860000	1.534098
0.006680	1.860000	1.534298
0.006684	1.860000	1.534298
0.006688	1.860000	1.534098
0.006692	1.860000	1.534098
0.006696	1.860000	1.534098
0.006700	1.856000	1.534298
0.006704	1.860000	1.534098
0.006708	1.860000	1.534298
0.006712	1.856000	1.534298
0.006716	1.856000	1.534298
0.006720	1.856000	1.534298
0.006724	1.860000	1.534298
0.006728	1.860000	1.534298
0.006732	1.860000	1.534298
0.006736	1.860000	1.534498
0.006740	1.860000	1.534298
0.006744	1.856000	1.534298
0.006748	1.856000	1.534498
0.006752	1.860000	1.534498
0.006756	1.856000	1.534698
0.006760	1.856000	1.534498
0.006764	1.856000	1.534498
0.006768	1.860000	1.534298
0.006772	1.856000	1.534498
0.006776	1.860000	1.534498
0.006780	1.856000	1.534498
0.006784	1.856000	1.534498
0.006788	1.856000	1.534498
0.006792	1.856000	1.534498
0.006796	1.860000	1.534498
0.006800	1.856000	1.534498
0.006804	1.856000	1.534498
0.006808	1.860000	1.534498
0.006812	1.856000	1.534698
0.006816	1.856000	1.534698
0.006820	1.856000	1.534698
0.006824	1.856000	1.534498
0.006828	1.860000	1.534498
0.006832	1.856000	1.534498
0.006836	1.856000	1.534498
0.006840	1.856000	1.534498
0.006844	1.860000	1.534698
0.006848	1.856000	1.534498
0.006852	1.856000	1.534698
0.006856	1.856000	1.534698
0.006860	1.856000	1.534698
0.006864	1.856000	1.534698
0.006868	1.856000	1.534698
0.006872	1.856000	1.534698
0.006876	1.856000	1.534698
0.006880	1.856000	1.534898
0.006884	1.856000	1.534898
0.006888	1.856000	1.534898
0.006892	1.856000	1.534898
0.006896	1.856000	1.534698
0.006900	1.856000	1.534698
0.006904	1.856000	1.534898
0.006908	1.856000	1.534898
0.006912	1.856000	1.534698
0.006916	1.856000	1.534698
0.006920	1.856000	1.534898
0.006924	1.856000	1.534898
0.006928	1.856000	1.534898
0.006932	1.856000	1.535098
0.006936	1.856000	1.534898
0.006940	1.856000	1.534898
0.006944	1.856000	1.534898
0.006948	1.856000	1.534898
0.006952	1.856000	1.534898
0.006956	1.856000	1.534898
0.006960	1.856000	1.534898
0.006964	1.856000	1.534698
0.006968	1.856000	1.534898
0.006972	1.856000	1.535098
0.006976	1.852000	1.534898
0.006980	1.856000	1.534898
0.006984	1.856000	1.534898
0.006988	1.856000	1.534898
0.006992	1.856000	1.534898
0.006996	1.856000	1.534898
0.007000	1.856000	1.535098
0.007004	1.852000	1.534898
0.007008	1.856000	1.534898
0.007012	1.856000	1.535098
0.007016	1.856000	1.535098
0.007020	1.856000	1.535098
0.007024	1.856000	1.535098
0.007028	1.852000	1.535098
0.007032	1.856000	1.535098
0.007036	1.852000	1.535098
0.007040	1.856000	1.535098
0.007044	1.856000	1.535298
0.007048	1.856000	1.535298
0.007052	1.856000	1.535098
0.007056	1.856000	1.535098
0.007060	1.856000	1.535098
0.007064	1.856000	1.535098
0.007068	1.852000	1.535098
0.007072	1.852000	1.535098
0.007076	1.852000	1.535298
0.007080	1.852000	1.535098
0.007084	1.852000	1.535098
0.007088	1.852000	1.535298
0.007092	1.852000	1.535298
0.007096	1.856000	1.535298
0.007100	1.856000	1.535298
0.007104	1.852000	1.535298
0.007108	1.856000	1.535298
0.007112	1.856000	1.535298
0.007116	1.856000	1.535298
0.007120	1.852000	1.535298
0.007124	1.852000	1.535298
0.007128	1.852000	1.535498
0.007132	1.852000	1.535498
0.007136	1.852000	1.535498
0.007140	1.852000	1.535298
0.007144	1.856000	1.535498
0.007148	1.852000	1.535298
0.007152	1.852000	1.535498
0.007156	1.852000	1.535498
0.007160	1.852000	1.535298
0.007164	1.852000	1.535498
0.007168	1.852000	1.535498
0.007172	1.852000	1.535498
0.007176	1.852000	1.535498
0.007180	1.852000	1.535498
0.007184	1.852000	1.535498
0.007188	1.852000	1.535498
0.007192	1.852000	1.535698
0.007196	1.852000	1.535498
0.007200	1.852000	1.535498
0.007204	1.852000	1.535498
0.007208	1.852000	1.535498
0.007212	1.852000	1.535498
0.007216	1.852000	1.535498
0.007220	1.852000	1.535698
0.007224	1.852000	1.535698
0.007228	1.852000	1.535698
0.007232	1.852000	1.535698
0.007236	1.852000	1.535698
0.007240	1.852000	1.535698
0.007244	1.852000	1.535698
0.007248	1.852000	1.535898
0.007252	1.852000	1.535698
0.007256	1.852000	1.535698
0.007260	1.852000	1.535698
0.007264	1.852000	1.535898
0.007268	1.852000	1.535898
0.007272	1.852000	1.535898
0.007276	1.852000	1.535898
0.007280	1.852000	1.535898
0.007284	1.852000	1.535698
0.007288	1.852000	1.535898
0.007292	1.852000	1.535698
0.007296	1.852000	1.535698
0.007300	1.852000	1.535698
0.007304	1.852000	1.535898
0.007308	1.852000	1.535898
0.007312	1.852000	1.535898
0.007316	1.852000	1.535898
0.007320	1.852000	1.535898
0.007324	1.848000	1.535898
0.007328	1.848000	1.535898
0.007332	1.852000	1.535898
0.007336	1.852000	1.535898
0.007340	1.852000	1.535898
0.007344	1.852000	1.535898
0.007348	1.852000	1.535898
0.007352	1.852000	1.536098
0.007356	1.848000	1.535898
0.007360	1.852000	1.535898
0.007364	1.848000	1.536098
0.007368	1.852000	1.536098
0.007372	1.852000	1.536098
0.007376	1.852000	1.535898
0.007380	1.848000	1.535898
0.007384	1.848000	1.535898
0.007388	1.852000	1.535898
0.007392	1.848000	1.536098
0.007396	1.848000	1.536098
0.007400	1.852000	1.536098
0.007404	1.848000	1.536098
0.007408	1.848000	1.536098
0.007412	1.848000	1.535898
0.007416	1.852000	1.536098
0.007420	1.852000	1.536098
0.007424	1.848000	1.536098
0.007428	1.848000	1.535898
0.007432	1.848000	1.536098
0.007436	1.848000	1.536098
0.007440	1.852000	1.536098
0.007444	1.848000	1.536098
0.007448	1.848000	1.536098
0.007452	1.852000	1.536298
0.007456	1.848000	1.536298
0.007460	1.848000	1.536298
0.007464	1.848000	1.536098
0.007468	1.848000	1.536098
0.007472	1.848000	1.536298
0.007476	1.848000	1.536298
0.007480	1.848000	1.536298
0.007484	1.848000	1.536498
0.007488	1.848000	1.536298
0.007492	1.848000	1.536498
0.007496	1.848000	1.536298
0.007500	1.848000	1.536298
0.007504	1.848000	1.536498
0.007508	1.848000	1.536298
0.007512	1.848000	1.536298
0.007516	1.848000	1.536498
0.007520	1.848000	1.536298
0.007524	1.848000	1.536298
0.007528	1.848000	1.536298
0.007532	1.848000	1.536298
0.007536	1.848000	1.536298
0.007540	1.848000	1.536298
0.007544	1.848000	1.536298
0.007548	1.848000	1.536298
0.007552	1.848000	1.536498
0.007556	1.848000	1.536298
0.007560	1.848000	1.536298
0.007564	1.848000	1.536498
0.007568	1.848000	1.536298
0.007572	1.848000	1.536498
0.007576	1.848000	1.536498
0.007580	1.848000	1.536498
0.007584	1.848000	1.536498
0.007588	1.848000	1.536698
0.007592	1.848000	1.536498
0.007596	1.848000	1.536498
0.007600	1.848000	1.536498
0.007604	1.848000	1.536698
0.007608	1.848000	1.536498
0.007612	1.848000	1.536698
0.007616	1.848000	1.536498
0.007620	1.848000	1.536498
0.007624	1.848000	1.536498
0.007628	1.848000	1.536698
0.007632	1.848000	1.536698
0.007636	1.848000	1.536698
0.007640	1.848000	1.536698
0.007644	1.848000	1.536698
0.007648	1.844000	1.536698
0.007652	1.848000	1.536698
0.007656	1.848000	1.536698
0.007660	1.848000	1.536698
0.007664	1.848000	1.536498
0.007668	1.848000	1.536698
0.007672	1.848000	1.536698
0.007676	1.848000	1.536698
0.007680	1.848000	1.536498
0.007684	1.848000	1.536498
0.007688	1.848000	1.536698
0.007692	1.848000	1.536698
0.007696	1.848000	1.536898
0.007700	1.848000	1.536698
0.007704	1.848000	1.536898
0.007708	1.848000	1.536698
0.007712	1.848000	1.536698
0.007716	1.848000	1.536698
0.007720	1.848000	1.536898
0.007724	1.848000	1.536698
0.007728	1.848000	1.536898
0.007732	1.848000	1.536698
0.007736	1.848000	1.536898
0.007740	1.844000	1.536698
0.007744	1.848000	1.536898
0.007748	1.848000	1.536698
0.007752	1.848000	1.536698
0.007756	1.844000	1.536698
0.007760	1.848000	1.536898
0.007764	1.848000	1.536898
0.007768	1.848000	1.536898
0.007772	1.848000	1.537098
0.007776	1.848000	1.536898
0.007780	1.848000	1.536898
0.007784	1.844000	1.536898
0.007788	1.844000	1.536898
0.007792	1.848000	1.537098
0.007796	1.844000	1.536898
0.007800	1.844000	1.537098
0.007804	1.848000	1.537098
0.007808	1.848000	1.537098
0.007812	1.844000	1.537098
0.007816	1.844000	1.536898
0.007820	1.848000	1.536898
0.007824	1.848000	1.537098
0.007828	1.844000	1.537098
0.007832	1.844000	1.536898
0.007836	1.844000	1.537098
0.007840	1.848000	1.537098
0.007844	1.844000	1.536898
0.007848	1.844000	1.537098
0.007852	1.844000	1.537098
0.007856	1.848000	1.536898
0.007860	1.848000	1.536898
0.007864	1.844000	1.537298
0.007868	1.844000	1.537098
0.007872	1.844000	1.536898
0.007876	1.844000	1.537098
0.007880	1.844000	1.537098
0.007884	1.844000	1.537298
0.007888	1.844000	1.537098
0.007892	1.844000	1.537298
0.007896	1.844000	1.537298
0.007900	1.848000	1.537298
0.007904	1.844000	1.537098
0.007908	1.844000	1.537298
0.007912	1.844000	1.537298
0.007916	1.844000	1.537098
0.007920	1.844000	1.537498
0.007924	1.844000	1.537098
0.007928	1.844000	1.537098
0.007932	1.844000	1.537098
0.007936	1.844000	1.537098
0.007940	1.844000	1.537298
0.007944	1.844000	1.537298
0.007948	1.844000	1.537098
0.007952	1.844000	1.537098
0.007956	1.844000	1.537098
0.007960	1.844000	1.537298
0.007964	1.844000	1.537298
0.007968	1.844000	1.537298
0.007972	1.844000	1.537298
0.007976	1.844000	1.537298
0.007980	1.844000	1.537298
0.007984	1.844000	1.537298
0.007988	1.844000	1.537498
0.007992	1.844000	1.537298
0.007996	1.844000	1.537298
0.008000	1.844000	1.537298
0.008004	1.844000	1.537298
0.008008	1.844000	1.537298
0.008012	1.844000	1.537298
0.008016	1.844000	1.537298
0.008020	1.844000	1.537298
0.008024	1.844000	1.537298
0.008028	1.844000	1.537498
0.008032	1.844000	1.537298
0.008036	1.844000	1.537298
0.008040	1.844000	1.537298
0.008044	1.844000	1.537498
0.008048	1.844000	1.537498
0.008052	1.844000	1.537298
0.008056	1.844000	1.537498
0.008060	1.844000	1.537498
0.008064	1.844000	1.537498
0.008068	1.844000	1.537298
0.008072	1.844000	1.537298
0.008076	1.844000	1.537498
0.008080	1.844000	1.537298
0.008084	1.844000	1.537298
0.008088	1.844000	1.537298
0.008092	1.844000	1.537498
0.008096	1.840000	1.537498
0.008100	1.844000	1.537498
0.008104	1.844000	1.537498
0.008108	1.844000	1.537498
0.008112	1.844000	1.537498
0.008116	1.844000	1.537498
0.008120	1.844000	1.537698
0.008124	1.840000	1.537498
0.008128	1.844000	1.537698
0.008132	1.844000	1.537698
0.008136	1.844000	1.537698
0.008140	1.844000	1.537698
0.008144	1.844000	1.537698
0.008148	1.844000	1.537498
0.008152	1.844000	1.537698
0.008156	1.844000	1.537498
0.008160	1.844000	1.537498
0.008164	1.844000	1.537498
0.008168	1.844000	1.537698
0.008172	1.844000	1.537498
0.008176	1.844000	1.537698
0.008180	1.844000	1.537698
0.008184	1.844000	1.537698
0.008188	1.840000	1.537698
0.008192	1.840000	1.537698
0.008196	1.840000	1.537698
0.008200	1.844000	1.537898
0.008204	1.844000	1.537898
0.008208	1.844000	1.537698
0.008212	1.840000	1.537498
0.008216	1.844000	1.537698
0.008220	1.844000	1.537698
0.008224	1.844000	1.537698
0.008228	1.840000	1.537698
0.008232	1.844000	1.537898
0.008236	1.844000	1.537698
0.008240	1.840000	1.537898
0.008244	1.840000	1.537698
0.008248	1.844000	1.537898
0.008252	1.844000	1.537898
0.008256	1.840000	1.538098
0.008260	1.840000	1.537898
0.008264	1.844000	1.537698
0.008268	1.844000	1.537898
0.008272	1.844000	1.537898
0.008276	1.844000	1.537898
0.008280	1.844000	1.537898
0.008284	1.844000	1.537898
0.008288	1.844000	1.537898
0.008292	1.840000	1.537898
0.008296	1.840000	1.538098
0.008300	1.840000	1.537898
0.008304	1.840000	1.537898
0.008308	1.844000	1.537898
0.008312	1.844000	1.537898
0.008316	1.840000	1.538098
0.008320	1.840000	1.537898
0.008324	1.840000	1.537898
0.008328	1.840000	1.537898
0.008332	1.840000	1.537898
0.008336	1.844000	1.537898
0.008340	1.840000	1.538098
0.008344	1.840000	1.537898
0.008348	1.840000	1.538098
0.008352	1.844000	1.537898
0.008356	1.840000	1.538098
0.008360	1.844000	1.538098
0.008364	1.840000	1.538098
0.008368	1.840000	1.538098
0.008372	1.840000	1.538098
0.008376	1.840000	1.537898
0.008380	1.840000	1.537898
0.008384	1.840000	1.538098
0.008388	1.840000	1.538098
0.008392	1.840000	1.537898
0.008396	1.840000	1.537898
0.008400	1.840000	1.538098
0.008404	1.840000	1.538098
0.008408	1.840000	1.538098
0.008412	1.840000	1.538098
0.008416	1.840000	1.538098
0.008420	1.840000	1.537898
0.008424	1.840000	1.538098
0.008428	1.840000	1.538098
0.008432	1.840000	1.538098
0.008436	1.840000	1.538298
0.008440	1.840000	1.538098
0.008444	1.840000	1.538098
0.008448	1.840000	1.538298
0.008452	1.840000	1.538298
0.008456	1.840000	1.538098
0.008460	1.840000	1.538298
0.008464	1.840000	1.538298
0.008468	1.840000	1.538098
0.008472	1.840000	1.538298
0.008476	1.840000	1.538098
0.008480	1.840000	1.538298
0.008484	1.840000	1.538298
0.008488	1.840000	1.538298
0.008492	1.840000	1.538298
0.008496	1.840000	1.538298
0.008500	1.840000	1.538298
0.008504	1.840000	1.538298
0.008508	1.840000	1.538298
0.008512	1.840000	1.538298
0.008516	1.840000	1.538298
0.008520	1.840000	1.538298
0.008524	1.840000	1.538298
0.008528	1.836000	1.538498
0.008532	1.840000	1.538498
0.008536	1.840000	1.538298
0.008540	1.840000	1.538498
0.008544	1.836000	1.538498
0.008548	1.840000	1.538498
0.008552	1.840000	1.538498
0.008556	1.840000	1.538298
0.008560	1.840000	1.538298
0.008564	1.840000	1.538298
0.008568	1.840000	1.538298
0.008572	1.840000	1.538298
0.008576	1.840000	1.538298
0.008580	1.840000	1.538498
0.008584	1.840000	1.538298
0.008588	1.840000	1.538498
0.008592	1.840000	1.538498
0.008596	1.840000	1.538298
0.008600	1.840000	1.538498
0.008604	1.840000	1.538498
0.008608	1.840000	1.538498
0.008612	1.840000	1.538498
0.008616	1.840000	1.538498
0.008620	1.840000	1.538498
0.008624	1.840000	1.538498
0.008628	1.840000	1.538498
0.008632	1.840000	1.538498
0.008636	1.836000	1.538698
0.008640	1.840000	1.538498
0.008644	1.840000	1.538498
0.008648	1.840000	1.538698
0.008652	1.840000	1.538698
0.008656	1.840000	1.538698
0.008660	1.840000	1.538498
0.008664	1.840000	1.538698
0.008668	1.840000	1.538698
0.008672	1.840000	1.538698
0.008676	1.840000	1.538698
0.008680	1.840000	1.538498
0.008684	1.840000	1.538698
0.008688	1.840000	1.538698
0.008692	1.836000	1.538498
0.008696	1.840000	1.538698
0.008700	1.840000	1.538698
0.008704	1.840000	1.538698
0.008708	1.840000	1.538698
0.008712	1.840000	1.538698
0.008716	1.840000	1.538498
0.008720	1.840000	1.538698
0.008724	1.840000	1.538698
0.008728	1.840000	1.538698
0.008732	1.840000	1.538698
0.008736	1.840000	1.538698
0.008740	1.840000	1.538698
0.008744	1.840000	1.538698
0.008748	1.840000	1.538698
0.008752	1.840000	1.538898
0.008756	1.840000	1.538698
0.008760	1.840000	1.538698
0.008764	1.840000	1.538898
0.008768	1.840000	1.538898
0.008772	1.840000	1.538898
0.008776	1.840000	1.538698
0.008780	1.836000	1.538898
0.008784	1.840000	1.538898
0.008788	1.840000	1.538898
0.008792	1.840000	1.538698
0.008796	1.836000	1.538898
0.008800	1.840000	1.538698
0.008804	1.840000	1.538898
0.008808	1.836000	1.538698
0.008812	1.836000	1.538898
0.008816	1.836000	1.538898
0.008820	1.840000	1.538898
0.008824	1.836000	1.538898
0.008828	1.836000	1.538898
0.008832	1.840000	1.538898
0.008836	1.840000	1.539098
0.008840	1.836000	1.538898
0.008844	1.840000	1.539098
0.008848	1.836000	1.538698
0.008852	1.836000	1.538898
0.008856	1.836000	1.538898
0.008860	1.836000	1.538898
0.008864	1.840000	1.538898
0.008868	1.840000	1.538898
0.008872	1.836000	1.538898
0.008876	1.836000	1.538898
0.008880	1.836000	1.538898
0.008884	1.840000	1.538898
0.008888	1.836000	1.538898
0.008892	1.836000	1.538898
0.008896	1.836000	1.538898
0.008900	1.836000	1.539098
0.008904	1.836000	1.539098
0.008908	1.836000	1.539098
0.008912	1.836000	1.539098
0.008916	1.840000	1.538898
0.008920	1.836000	1.539098
0.008924	1.836000	1.539098
0.008928	1.836000	1.539098
0.008932	1.840000	1.539098
0.008936	1.836000	1.539299
0.008940	1.836000	1.539098
0.008944	1.836000	1.539098
0.008948	1.840000	1.538898
0.008952	1.840000	1.538898
0.008956	1.836000	1.539098
0.008960	1.836000	1.539098
0.008964	1.836000	1.539098
0.008968	1.836000	1.539098
0.008972	1.836000	1.539098
0.008976	1.836000	1.539098
0.008980	1.836000	1.538898
0.008984	1.836000	1.539098
0.008988	1.836000	1.539098
0.008992	1.836000	1.539098
0.008996	1.836000	1.539098
0.009000	1.836000	1.539098
0.009004	1.836000	1.539098
0.009008	1.836000	1.539098
0.009012	1.836000	1.539299
0.009016	1.836000	1.539098
0.009020	1.836000	1.539299
0.009024	1.836000	1.539098
0.009028	1.836000	1.539299
0.009032	1.836000	1.539299
0.009036	1.836000	1.539098
0.009040	1.836000	1.539299
0.009044	1.836000	1.539098
0.009048	1.836000	1.539299
0.009052	1.836000	1.539299
0.009056	1.836000	1.539098
0.009060	1.836000	1.539299
0.009064	1.836000	1.539299
0.009068	1.836000	1.539299
0.009072	1.836000	1.539299
0.009076	1.836000	1.539098
0.009080	1.836000	1.539299
0.009084	1.836000	1.539499
0.009088	1.836000	1.539299
0.009092	1.836000	1.539299
0.009096	1.836000	1.539299
0.009100	1.836000	1.539299
0.009104	1.836000	1.539499
0.009108	1.836000	1.539499
0.009112	1.836000	1.539299
0.009116	1.836000	1.539299
0.009120	1.836000	1.539299
0.009124	1.836000	1.539499
0.009128	1.836000	1.539299
0.009132	1.836000	1.539299
0.009136	1.836000	1.539499
0.009140	1.836000	1.539499
0.009144	1.836000	1.539299
0.009148	1.836000	1.539499
0.009152	1.836000	1.539499
0.009156	1.836000	1.539299
0.009160	1.836000	1.539499
0.009164	1.836000	1.539299
0.009168	1.836000	1.539299
0.009172	1.836000	1.539299
0.009176	1.836000	1.539499
0.009180	1.836000	1.539299
0.009184	1.836000	1.539299
0.009188	1.836000	1.539299
0.009192	1.836000	1.539299
0.009196	1.836000	1.539499
0.009200	1.836000	1.539499
0.009204	1.836000	1.539299
0.009208	1.836000	1.539299
0.009212	1.836000	1.539499
0.009216	1.836000	1.539299
0.009220	1.836000	1.539499
0.009224	1.836000	1.539499
0.009228	1.832000	1.539299
0.009232	1.832000	1.539499
0.009236	1.832000	1.539699
0.009240	1.832000	1.539499
0.009244	1.836000	1.539499
0.009248	1.832000	1.539499
0.009252	1.836000	1.539699
0.009256	1.836000	1.539499
0.009260	1.836000	1.539499
0.009264	1.832000	1.539699
0.009268	1.836000	1.539499
0.009272	1.836000	1.539499
0.009276	1.836000	1.539499
0.009280	1.832000	1.539499
0.009284	1.836000	1.539499
0.009288	1.832000	1.539499
0.009292	1.836000	1.539499
0.009296	1.836000	1.539699
0.009300	1.836000	1.539499
0.009304	1.832000	1.539499
0.009308	1.836000	1.539499
0.009312	1.836000	1.539499
0.009316	1.836000	1.539499
0.009320	1.836000	1.539699
0.009324	1.836000	1.539699
0.009328	1.832000	1.539499
0.009332	1.836000	1.539699
0.009336	1.832000	1.539699
0.009340	1.836000	1.539699
0.009344	1.832000	1.539699
0.009348	1.836000	1.539499
0.009352	1.836000	1.539699
0.009356	1.832000	1.539699
0.009360	1.832000	1.539699
0.009364	1.836000	1.539699
0.009368	1.836000	1.539699
0.009372	1.836000	1.539699
0.009376	1.836000	1.539699
0.009380	1.832000	1.539699
0.009384	1.832000	1.539899
0.009388	1.836000	1.539699
0.009392	1.832000	1.539899
0.009396	1.836000	1.539699
0.009400	1.836000	1.539699
0.009404	1.832000	1.539699
0.009408	1.836000	1.539699
0.009412	1.832000	1.539699
0.009416	1.832000	1.539699
0.009420	1.836000	1.539699
0.009424	1.836000	1.539699
0.009428	1.836000	1.539699
0.009432	1.836000	1.539899
0.009436	1.832000	1.539899
0.009440	1.832000	1.540099
0.009444	1.832000	1.539899
0.009448	1.832000	1.539899
0.009452	1.836000	1.539899
0.009456	1.832000	1.539699
0.009460	1.832000	1.539699
0.009464	1.832000	1.539699
0.009468	1.832000	1.539899
0.009472	1.832000	1.539899
0.009476	1.832000	1.540099
0.009480	1.832000	1.540099
0.009484	1.832000	1.539899
0.009488	1.836000	1.539899
0.009492	1.832000	1.539899
0.009496	1.832000	1.539899
0.009500	1.836000	1.539899
0.009504	1.832000	1.539899
0.009508	1.832000	1.540099
0.009512	1.832000	1.540099
0.009516	1.836000	1.539899
0.009520	1.832000	1.539899
0.009524	1.832000	1.539899
0.009528	1.832000	1.539899
0.009532	1.832000	1.539899
0.009536	1.832000	1.539899
0.009540	1.832000	1.540099
0.009544	1.832000	1.540099
0.009548	1.832000	1.540099
0.009552	1.832000	1.539899
0.009556	1.832000	1.540099
0.009560	1.836000	1.540099
0.009564	1.832000	1.540099
0.009568	1.836000	1.540099
0.009572	1.832000	1.539899
0.009576	1.836000	1.540099
0.009580	1.832000	1.540099
0.009584	1.836000	1.539899
0.009588	1.832000	1.540099
0.009592	1.832000	1.540099
0.009596	1.832000	1.540099
0.009600	1.832000	1.540099
0.009604	1.832000	1.540099
0.009608	1.832000	1.540099
0.009612	1.832000	1.540099
0.009616	1.832000	1.539899
0.009620	1.832000	1.540099
0.009624	1.832000	1.540099
0.009628	1.832000	1.540099
0.009632	1.832000	1.539899
0.009636	1.832000	1.540099
0.009640	1.832000	1.540099
0.009644	1.832000	1.540099
0.009648	1.832000	1.540099
0.009652	1.832000	1.540099
0.009656	1.832000	1.540099
0.009660	1.832000	1.540099
0.009664	1.832000	1.540099
0.009668	1.832000	1.540099
0.009672	1.832000	1.540299
0.009676	1.832000	1.540299
0.009680	1.832000	1.540299
0.009684	1.832000	1.540299
0.009688	1.832000	1.540099
0.009692	1.832000	1.540299
0.009696	1.832000	1.540099
0.009700	1.832000	1.540299
0.009704	1.832000	1.540099
0.009708	1.832000	1.540299
0.009712	1.832000	1.540099
0.009716	1.832000	1.540299
0.009720	1.832000	1.540099
0.009724	1.832000	1.540099
0.009728	1.832000	1.540099
0.009732	1.832000	1.540299
0.009736	1.832000	1.540299
0.009740	1.832000	1.540499
0.009744	1.832000	1.540299
0.009748	1.832000	1.540099
0.009752	1.832000	1.540099
0.009756	1.832000	1.540299
0.009760	1.832000	1.540299
0.009764	1.832000	1.540299
0.009768	1.832000	1.540299
0.009772	1.832000	1.540299
0.009776	1.832000	1.540299
0.009780	1.832000	1.540099
0.009784	1.832000	1.540299
0.009788	1.832000	1.540499
0.009792	1.832000	1.540299
0.009796	1.832000	1.540299
0.009800	1.832000	1.540499
0.009804	1.832000	1.540299
0.009808	1.832000	1.540499
0.009812	1.832000	1.540499
0.009816	1.832000	1.540499
0.009820	1.832000	1.540299
0.009824	1.832000	1.540499
0.009828	1.832000	1.540299
0.009832	1.832000	1.540299
0.009836	1.832000	1.540499
0.009840	1.832000	1.540299
0.009844	1.832000	1.540299
0.009848	1.832000	1.540499
0.009852	1.832000	1.540499
0.009856	1.832000	1.540499
0.009860	1.832000	1.540499
0.009864	1.832000	1.540499
0.009868	1.832000	1.540299
0.009872	1.832000	1.540299
0.009876	1.832000	1.540299
0.009880	1.832000	1.540299
0.009884	1.832000	1.540499
0.009888	1.828000	1.540299
0.009892	1.832000	1.540299
0.009896	1.832000	1.540299
0.009900	1.832000	1.540499
0.009904	1.832000	1.540299
0.009908	1.828000	1.540299
0.009912	1.832000	1.540499
0.009916	1.832000	1.540499
0.009920	1.832000	1.540499
0.009924	1.832000	1.540499
0.009928	1.832000	1.540499
0.009932	1.832000	1.540499
0.009936	1.828000	1.540499
0.009940	1.832000	1.540499
0.009944	1.832000	1.540299
0.009948	1.832000	1.540499
0.009952	1.832000	1.540699
0.009956	1.832000	1.540299
0.009960	1.832000	1.540499
0.009964	1.832000	1.540499
0.009968	1.828000	1.540499
0.009972	1.832000	1.540499
0.009976	1.832000	1.540499
0.009980	1.828000	1.540499
0.009984	1.832000	1.540499
0.009988	1.828000	1.540499
0.009992	1.828000	1.540699
0.009996	1.832000	1.540699
