0.000000	1.244000	1.480495
2.000000E-5	1.244000	1.480695
4.000000E-5	1.244000	1.480695
6.000000E-5	1.244000	1.480895
8.000000E-5	1.244000	1.480895
0.000100	1.244000	1.480895
0.000120	1.244000	1.481095
0.000140	1.244000	1.481095
0.000160	1.244000	1.481295
0.000180	1.244000	1.481295
0.000200	1.244000	1.481495
0.000220	1.244000	1.481695
0.000240	1.244000	1.481695
0.000260	1.244000	1.481895
0.000280	1.244000	1.481895
0.000300	1.244000	1.481895
0.000320	1.244000	1.482095
0.000340	1.244000	1.482095
0.000360	1.244000	1.482295
0.000380	1.244000	1.482295
0.000400	1.244000	1.482495
0.000420	1.244000	1.482295
0.000440	1.244000	1.482695
0.000460	1.244000	1.482495
0.000480	1.244000	1.482695
0.000500	1.244000	1.483095
0.000520	1.244000	1.482895
0.000540	1.244000	1.482895
0.000560	1.244000	1.482895
0.000580	1.244000	1.483095
0.000600	1.244000	1.483295
0.000620	1.244000	1.483295
0.000640	1.244000	1.483495
0.000660	1.244000	1.483495
0.000680	1.244000	1.483695
0.000700	1.244000	1.483695
0.000720	1.244000	1.483695
0.000740	1.244000	1.483695
0.000760	1.244000	1.483895
0.000780	1.244000	1.483895
0.000800	1.244000	1.483895
0.000820	1.244000	1.484095
0.000840	1.244000	1.484295
0.000860	1.244000	1.484295
0.000880	1.244000	1.484295
0.000900	1.244000	1.484295
0.000920	1.244000	1.484495
0.000940	1.244000	1.484495
0.000960	1.244000	1.484695
0.000980	1.244000	1.484695
0.001000	1.244000	1.484695
0.001020	1.244000	1.484895
0.001040	1.244000	1.484895
0.001060	1.244000	1.484895
0.001080	1.244000	1.484895
0.001100	1.244000	1.485295
0.001120	1.244000	1.485095
0.001140	1.244000	1.485295
0.001160	1.244000	1.485295
0.001180	1.244000	1.485495
0.001200	1.244000	1.485495
0.001220	1.244000	1.485495
0.001240	1.244000	1.485495
0.001260	1.244000	1.485495
0.001280	1.244000	1.485695
0.001300	1.244000	1.485695
0.001320	1.244000	1.485895
0.001340	1.244000	1.485695
0.001360	1.244000	1.485895
0.001380	1.244000	1.486095
0.001400	1.244000	1.486095
0.001420	1.244000	1.486295
0.001440	1.244000	1.486295
0.001460	1.244000	1.486295
0.001480	1.244000	1.486495
0.001500	1.244000	1.486295
0.001520	1.244000	1.486495
0.001540	1.244000	1.486495
0.001560	1.244000	1.486295
0.001580	1.244000	1.486695
0.001600	1.244000	1.486695
0.001620	1.244000	1.486895
0.001640	1.244000	1.486695
0.001660	1.244000	1.486895
0.001680	1.244000	1.486895
0.001700	1.244000	1.487095
0.001720	1.244000	1.487095
0.001740	1.244000	1.487095
0.001760	1.244000	1.487295
0.001780	1.244000	1.487295
0.001800	1.244000	1.487295
0.001820	1.244000	1.487295
0.001840	1.244000	1.487295
0.001860	1.244000	1.487495
0.001880	1.244000	1.487495
0.001900	1.244000	1.487695
0.001920	1.244000	1.487695
0.001940	1.244000	1.487695
0.001960	1.244000	1.487895
0.001980	1.244000	1.487895
0.002000	1.244000	1.487895
0.002020	1.244000	1.487895
0.002040	1.244000	1.487895
0.002060	1.244000	1.487895
0.002080	1.244000	1.487895
0.002100	1.244000	1.488095
0.002120	1.244000	1.487895
0.002140	1.244000	1.488095
0.002160	1.244000	1.488295
0.002180	1.244000	1.488295
0.002200	1.244000	1.488295
0.002220	1.244000	1.488295
0.002240	1.244000	1.488295
0.002260	1.244000	1.488495
0.002280	1.244000	1.488695
0.002300	1.244000	1.488695
0.002320	1.244000	1.488695
0.002340	1.244000	1.488695
0.002360	1.244000	1.488695
0.002380	1.244000	1.488695
0.002400	1.244000	1.488895
0.002420	1.244000	1.488895
0.002440	1.244000	1.488895
0.002460	1.244000	1.488895
0.002480	1.244000	1.488895
0.002500	1.244000	1.489095
0.002520	1.244000	1.488895
0.002540	1.244000	1.489295
0.002560	1.244000	1.489295
0.002580	1.244000	1.489095
0.002600	1.244000	1.489295
0.002620	1.244000	1.489295
0.002640	1.244000	1.489295
0.002660	1.244000	1.489295
0.002680	1.244000	1.489495
0.002700	1.244000	1.489495
0.002720	1.244000	1.489695
0.002740	1.244000	1.489695
0.002760	1.244000	1.489695
0.002780	1.244000	1.489695
0.002800	1.244000	1.489695
0.002820	1.244000	1.489895
0.002840	1.244000	1.489695
0.002860	1.244000	1.489695
0.002880	1.244000	1.489895
0.002900	1.244000	1.489895
0.002920	1.244000	1.489895
0.002940	1.244000	1.489895
0.002960	1.244000	1.489895
0.002980	1.244000	1.490095
0.003000	1.244000	1.490095
0.003020	1.244000	1.490095
0.003040	1.244000	1.490095
0.003060	1.244000	1.490295
0.003080	1.244000	1.490295
0.003100	1.244000	1.490295
0.003120	1.244000	1.490495
0.003140	1.244000	1.490295
0.003160	1.244000	1.490495
0.003180	1.244000	1.490495
0.003200	1.244000	1.490495
0.003220	1.244000	1.490495
0.003240	1.244000	1.490295
0.003260	1.244000	1.490695
0.003280	1.244000	1.490695
0.003300	1.244000	1.490695
0.003320	1.244000	1.490695
0.003340	1.244000	1.490695
0.003360	1.244000	1.490695
0.003380	1.244000	1.490895
0.003400	1.244000	1.490895
0.003420	1.244000	1.490895
0.003440	1.244000	1.490895
0.003460	1.244000	1.490895
0.003480	1.244000	1.490895
0.003500	1.244000	1.491095
0.003520	1.244000	1.491095
0.003540	1.244000	1.491095
0.003560	1.244000	1.491095
0.003580	1.244000	1.491095
0.003600	1.244000	1.491095
0.003620	1.244000	1.491295
0.003640	1.244000	1.491295
0.003660	1.244000	1.491295
0.003680	1.244000	1.491295
0.003700	1.244000	1.491295
0.003720	1.244000	1.491295
0.003740	1.244000	1.491495
0.003760	1.244000	1.491495
0.003780	1.244000	1.491495
0.003800	1.244000	1.491495
0.003820	1.244000	1.491495
0.003840	1.584000	1.491495
0.003860	2.156000	1.491495
0.003880	2.160000	1.491695
0.003900	2.160000	1.491495
0.003920	2.156000	1.491695
0.003940	2.152000	1.491695
0.003960	2.148000	1.491695
0.003980	2.144000	1.491695
0.004000	2.140000	1.491895
0.004020	2.140000	1.491695
0.004040	2.136000	1.491695
0.004060	2.132000	1.491695
0.004080	2.128000	1.491695
0.004100	2.124000	1.491895
0.004120	2.124000	1.491895
0.004140	2.120000	1.492095
0.004160	2.116000	1.491895
0.004180	2.112000	1.491895
0.004200	2.112000	1.491895
0.004220	2.108000	1.491895
0.004240	2.104000	1.491895
0.004260	2.104000	1.492095
0.004280	2.100000	1.491895
0.004300	2.096000	1.492095
0.004320	2.096000	1.492095
0.004340	2.092000	1.492296
0.004360	2.092000	1.492296
0.004380	2.088000	1.492296
0.004400	2.084000	1.492296
0.004420	2.084000	1.492296
0.004440	2.080000	1.492095
0.004460	2.080000	1.492296
0.004480	2.076000	1.492296
0.004500	2.076000	1.492496
0.004520	2.072000	1.492496
0.004540	2.068000	1.492296
0.004560	2.068000	1.492296
0.004580	2.068000	1.492496
0.004600	2.064000	1.492496
0.004620	2.060000	1.492696
0.004640	2.060000	1.492496
0.004660	2.060000	1.492696
0.004680	2.056000	1.492696
0.004700	2.056000	1.492696
0.004720	2.052000	1.492496
0.004740	2.052000	1.492696
0.004760	2.048000	1.492696
0.004780	2.048000	1.492696
0.004800	2.044000	1.492696
0.004820	2.044000	1.492696
0.004840	2.044000	1.492696
0.004860	2.044000	1.492696
0.004880	2.040000	1.492496
0.004900	2.040000	1.492696
0.004920	2.036000	1.492696
0.004940	2.036000	1.492696
0.004960	2.036000	1.492896
0.004980	2.032000	1.492896
0.005000	2.028000	1.492896
0.005020	2.028000	1.492896
0.005040	2.028000	1.492896
0.005060	2.024000	1.493096
0.005080	2.024000	1.492896
0.005100	2.024000	1.492896
0.005120	2.020000	1.492896
0.005140	2.020000	1.492896
0.005160	2.016000	1.492896
0.005180	2.016000	1.492896
0.005200	2.016000	1.492896
0.005220	2.012000	1.492896
0.005240	2.012000	1.492896
0.005260	2.012000	1.493096
0.005280	2.008000	1.492896
0.005300	2.008000	1.493096
0.005320	2.008000	1.493096
0.005340	2.008000	1.492896
0.005360	2.004000	1.493096
0.005380	2.004000	1.493096
0.005400	2.000000	1.492896
0.005420	2.000000	1.493096
0.005440	2.000000	1.492896
0.005460	2.000000	1.492896
0.005480	2.000000	1.492896
0.005500	1.996000	1.492696
0.005520	1.996000	1.492696
0.005540	1.992000	1.492696
0.005560	1.992000	1.492496
0.005580	1.992000	1.492496
0.005600	1.992000	1.492496
0.005620	1.992000	1.492496
0.005640	1.988000	1.492095
0.005660	1.988000	1.492095
0.005680	1.984000	1.491895
0.005700	1.984000	1.491495
0.005720	1.984000	1.491295
0.005740	1.984000	1.490695
0.005760	1.980000	1.490295
0.005780	1.980000	1.489895
0.005800	1.980000	1.488895
0.005820	1.976000	1.488095
0.005840	1.976000	1.487095
0.005860	1.976000	1.485895
0.005880	1.976000	1.484495
0.005900	1.972000	1.482695
0.005920	1.976000	1.480895
0.005940	1.972000	1.479295
0.005960	1.972000	1.477495
0.005980	1.968000	1.475694
0.006000	1.968000	1.474094
0.006020	1.968000	1.472694
0.006040	1.968000	1.471694
0.006060	1.968000	1.470894
0.006080	1.968000	1.470294
0.006100	1.964000	1.470094
0.006120	1.960000	1.469694
0.006140	1.964000	1.469494
0.006160	1.960000	1.469294
0.006180	1.960000	1.469294
0.006200	1.960000	1.469294
0.006220	1.956000	1.469494
0.006240	1.956000	1.469294
0.006260	1.956000	1.469494
0.006280	1.956000	1.469494
0.006300	1.952000	1.469494
0.006320	1.956000	1.469694
0.006340	1.952000	1.469894
0.006360	1.952000	1.469694
0.006380	1.952000	1.470094
0.006400	1.948000	1.470094
0.006420	1.952000	1.470294
0.006440	1.948000	1.470294
0.006460	1.948000	1.470294
0.006480	1.948000	1.470494
0.006500	1.944000	1.470894
0.006520	1.944000	1.470894
0.006540	1.944000	1.471094
0.006560	1.940000	1.471094
0.006580	1.940000	1.471294
0.006600	1.940000	1.471494
0.006620	1.940000	1.471694
0.006640	1.940000	1.471694
0.006660	1.936000	1.471894
0.006680	1.940000	1.472094
0.006700	1.936000	1.471894
0.006720	1.936000	1.472294
0.006740	1.936000	1.472294
0.006760	1.936000	1.472494
0.006780	1.932000	1.472694
0.006800	1.932000	1.472894
0.006820	1.932000	1.472894
0.006840	1.932000	1.473094
0.006860	1.932000	1.473294
0.006880	1.928000	1.473494
0.006900	1.928000	1.473694
0.006920	1.928000	1.473894
0.006940	1.928000	1.473894
0.006960	1.928000	1.473894
0.006980	1.924000	1.473894
0.007000	1.924000	1.474094
0.007020	1.924000	1.474294
0.007040	1.924000	1.474494
0.007060	1.924000	1.474694
0.007080	1.920000	1.474694
0.007100	1.920000	1.474894
0.007120	1.920000	1.475094
0.007140	1.920000	1.475094
0.007160	1.920000	1.475094
0.007180	1.920000	1.475294
0.007200	1.916000	1.475694
0.007220	1.916000	1.475694
0.007240	1.916000	1.475894
0.007260	1.916000	1.475894
0.007280	1.916000	1.475894
0.007300	1.916000	1.476094
0.007320	1.912000	1.476494
0.007340	1.916000	1.476494
0.007360	1.912000	1.476494
0.007380	1.912000	1.476695
0.007400	1.912000	1.476695
0.007420	1.912000	1.476895
0.007440	1.912000	1.477095
0.007460	1.912000	1.477095
0.007480	1.912000	1.477295
0.007500	1.908000	1.477295
0.007520	1.912000	1.477295
0.007540	1.908000	1.477495
0.007560	1.908000	1.477495
0.007580	1.908000	1.477895
0.007600	1.908000	1.477895
0.007620	1.908000	1.478095
0.007640	1.908000	1.478295
0.007660	1.904000	1.478295
0.007680	1.904000	1.478295
0.007700	1.904000	1.478495
0.007720	1.904000	1.478495
0.007740	1.904000	1.478895
0.007760	1.904000	1.478895
0.007780	1.900000	1.478895
0.007800	1.900000	1.478895
0.007820	1.900000	1.478895
0.007840	1.900000	1.479095
0.007860	1.900000	1.479295
0.007880	1.900000	1.479295
0.007900	1.900000	1.479495
0.007920	1.896000	1.479495
0.007940	1.896000	1.479695
0.007960	1.896000	1.479695
0.007980	1.896000	1.480095
0.008000	1.896000	1.479895
0.008020	1.896000	1.480095
0.008040	1.892000	1.480295
0.008060	1.892000	1.480495
0.008080	1.892000	1.480495
0.008100	1.892000	1.480495
0.008120	1.892000	1.480495
0.008140	1.892000	1.480695
0.008160	1.892000	1.480695
0.008180	1.892000	1.480895
0.008200	1.892000	1.480895
0.008220	1.888000	1.481095
0.008240	1.888000	1.481095
0.008260	1.888000	1.481295
0.008280	1.888000	1.481295
0.008300	1.888000	1.481495
0.008320	1.884000	1.481495
0.008340	1.888000	1.481495
0.008360	1.884000	1.481695
0.008380	1.884000	1.481695
0.008400	1.888000	1.481695
0.008420	1.884000	1.481895
0.008440	1.884000	1.482095
0.008460	1.884000	1.482095
0.008480	1.884000	1.482295
0.008500	1.884000	1.482295
0.008520	1.884000	1.482295
0.008540	1.880000	1.482495
0.008560	1.880000	1.482295
0.008580	1.880000	1.482695
0.008600	1.880000	1.482695
0.008620	1.880000	1.482695
0.008640	1.880000	1.482695
0.008660	1.880000	1.482895
0.008680	1.880000	1.483095
0.008700	1.880000	1.483095
0.008720	1.880000	1.483095
0.008740	1.880000	1.483095
0.008760	1.880000	1.483295
0.008780	1.880000	1.483495
0.008800	1.880000	1.483695
0.008820	1.876000	1.483695
0.008840	1.876000	1.483895
0.008860	1.876000	1.483695
0.008880	1.876000	1.483895
0.008900	1.876000	1.483895
0.008920	1.876000	1.484095
0.008940	1.872000	1.483895
0.008960	1.876000	1.484095
0.008980	1.872000	1.484095
0.009000	1.872000	1.484295
0.009020	1.872000	1.484295
0.009040	1.872000	1.484495
0.009060	1.872000	1.484495
0.009080	1.872000	1.484695
0.009100	1.872000	1.484495
0.009120	1.872000	1.484695
0.009140	1.872000	1.484695
0.009160	1.868000	1.484695
0.009180	1.872000	1.484895
0.009200	1.868000	1.484895
0.009220	1.868000	1.484895
0.009240	1.868000	1.485095
0.009260	1.868000	1.485095
0.009280	1.868000	1.485095
0.009300	1.868000	1.485095
0.009320	1.868000	1.485295
0.009340	1.868000	1.485295
0.009360	1.868000	1.485495
0.009380	1.864000	1.485495
0.009400	1.864000	1.485495
0.009420	1.868000	1.485695
0.009440	1.864000	1.485695
0.009460	1.864000	1.485695
0.009480	1.864000	1.485895
0.009500	1.864000	1.485895
0.009520	1.864000	1.485895
0.009540	1.864000	1.486095
0.009560	1.864000	1.486095
0.009580	1.864000	1.485895
0.009600	1.864000	1.486095
0.009620	1.864000	1.485895
0.009640	1.864000	1.486295
0.009660	1.860000	1.486295
0.009680	1.860000	1.486295
0.009700	1.860000	1.486495
0.009720	1.860000	1.486495
0.009740	1.860000	1.486495
0.009760	1.860000	1.486695
0.009780	1.860000	1.486695
0.009800	1.860000	1.486895
0.009820	1.860000	1.486695
0.009840	1.860000	1.486695
0.009860	1.860000	1.486895
0.009880	1.860000	1.486895
0.009900	1.860000	1.486895
0.009920	1.856000	1.486895
0.009940	1.860000	1.487095
0.009960	1.860000	1.487095
0.009980	1.856000	1.487295
0.010000	1.856000	1.487095
0.010020	1.856000	1.487095
0.010040	1.856000	1.487295
0.010060	1.856000	1.487495
0.010080	1.856000	1.487495
0.010100	1.856000	1.487495
0.010120	1.856000	1.487695
0.010140	1.856000	1.487495
0.010160	1.856000	1.487495
0.010180	1.856000	1.487695
0.010200	1.856000	1.487895
0.010220	1.856000	1.487895
0.010240	1.852000	1.487895
0.010260	1.852000	1.487895
0.010280	1.852000	1.488095
0.010300	1.852000	1.488095
0.010320	1.852000	1.488095
0.010340	1.852000	1.488295
0.010360	1.852000	1.488095
0.010380	1.852000	1.488495
0.010400	1.852000	1.488295
0.010420	1.852000	1.488295
0.010440	1.852000	1.488495
0.010460	1.852000	1.488495
0.010480	1.852000	1.488695
0.010500	1.852000	1.488495
0.010520	1.852000	1.488495
0.010540	1.848000	1.488495
0.010560	1.848000	1.488695
0.010580	1.848000	1.488895
0.010600	1.848000	1.488695
0.010620	1.848000	1.488695
0.010640	1.848000	1.488695
0.010660	1.848000	1.488895
0.010680	1.848000	1.488895
0.010700	1.848000	1.489095
0.010720	1.848000	1.489095
0.010740	1.848000	1.489095
0.010760	1.848000	1.489295
0.010780	1.848000	1.489095
0.010800	1.848000	1.489295
0.010820	1.848000	1.489295
0.010840	1.848000	1.489095
0.010860	1.848000	1.489295
0.010880	1.848000	1.489295
0.010900	1.844000	1.489695
0.010920	1.848000	1.489495
0.010940	1.848000	1.489495
0.010960	1.848000	1.489695
0.010980	1.844000	1.489495
0.011000	1.848000	1.489695
0.011020	1.844000	1.489695
0.011040	1.844000	1.489695
0.011060	1.848000	1.489695
0.011080	1.844000	1.489695
0.011100	1.844000	1.489895
0.011120	1.844000	1.489895
0.011140	1.844000	1.489695
0.011160	1.844000	1.489695
0.011180	1.844000	1.490095
0.011200	1.844000	1.489895
0.011220	1.844000	1.490095
0.011240	1.844000	1.490095
0.011260	1.844000	1.489895
0.011280	1.844000	1.490095
0.011300	1.844000	1.490295
0.011320	1.840000	1.490295
0.011340	1.844000	1.490095
0.011360	1.844000	1.490295
0.011380	1.844000	1.490295
0.011400	1.844000	1.490295
0.011420	1.844000	1.490295
0.011440	1.840000	1.490295
0.011460	1.840000	1.490495
0.011480	1.840000	1.490495
0.011500	1.840000	1.490495
0.011520	1.840000	1.490495
0.011540	1.840000	1.490495
0.011560	1.840000	1.490495
0.011580	1.840000	1.490695
0.011600	1.840000	1.490695
0.011620	1.840000	1.490695
0.011640	1.840000	1.490695
0.011660	1.840000	1.490895
0.011680	1.840000	1.490895
0.011700	1.840000	1.490895
0.011720	1.840000	1.490895
0.011740	1.840000	1.490895
0.011760	1.840000	1.491095
0.011780	1.840000	1.490895
0.011800	1.840000	1.491095
0.011820	1.840000	1.490895
0.011840	1.840000	1.491095
0.011860	1.840000	1.491095
0.011880	1.840000	1.491295
0.011900	1.836000	1.491095
0.011920	1.836000	1.491295
0.011940	1.840000	1.491295
0.011960	1.836000	1.491295
0.011980	1.836000	1.491295
0.012000	1.836000	1.491295
0.012020	1.836000	1.491495
0.012040	1.296000	1.491295
0.012060	1.244000	1.491495
0.012080	1.244000	1.491495
0.012100	1.244000	1.491495
0.012120	1.244000	1.491495
0.012140	1.244000	1.491495
0.012160	1.244000	1.491695
0.012180	1.244000	1.491695
0.012200	1.244000	1.491695
0.012220	1.244000	1.491895
0.012240	1.244000	1.491695
0.012260	1.244000	1.491695
0.012280	1.244000	1.491695
0.012300	1.244000	1.491695
0.012320	1.244000	1.491895
0.012340	1.244000	1.491895
0.012360	1.244000	1.491895
0.012380	1.244000	1.491895
0.012400	1.244000	1.492095
0.012420	1.244000	1.491895
0.012440	1.244000	1.492095
0.012460	1.244000	1.492095
0.012480	1.244000	1.492095
0.012500	1.244000	1.492095
0.012520	1.244000	1.492296
0.012540	1.244000	1.491895
0.012560	1.244000	1.492095
0.012580	1.244000	1.492095
0.012600	1.244000	1.492095
0.012620	1.244000	1.492095
0.012640	1.244000	1.492296
0.012660	1.244000	1.492296
0.012680	1.244000	1.492296
0.012700	1.244000	1.492296
0.012720	1.244000	1.492296
0.012740	1.244000	1.492296
0.012760	1.244000	1.492296
0.012780	1.244000	1.492296
0.012800	1.244000	1.492496
0.012820	1.244000	1.492296
0.012840	1.244000	1.492496
0.012860	1.244000	1.492496
0.012880	1.244000	1.492496
0.012900	1.244000	1.492496
0.012920	1.244000	1.492496
0.012940	1.244000	1.492696
0.012960	1.244000	1.492496
0.012980	1.244000	1.492496
0.013000	1.244000	1.492696
0.013020	1.244000	1.492496
0.013040	1.244000	1.492696
0.013060	1.244000	1.492496
0.013080	1.244000	1.492696
0.013100	1.244000	1.492696
0.013120	1.244000	1.492696
0.013140	1.244000	1.492696
0.013160	1.244000	1.492696
0.013180	1.244000	1.492496
0.013200	1.244000	1.492696
0.013220	1.244000	1.492696
0.013240	1.244000	1.492696
0.013260	1.244000	1.492696
0.013280	1.244000	1.492696
0.013300	1.244000	1.492896
0.013320	1.244000	1.492896
0.013340	1.244000	1.492696
0.013360	1.244000	1.492896
0.013380	1.244000	1.492696
0.013400	1.244000	1.492696
0.013420	1.244000	1.492696
0.013440	1.244000	1.492696
0.013460	1.244000	1.492896
0.013480	1.244000	1.492696
0.013500	1.244000	1.492896
0.013520	1.244000	1.492896
0.013540	1.244000	1.492696
0.013560	1.244000	1.492696
0.013580	1.244000	1.492696
0.013600	1.244000	1.492496
0.013620	1.244000	1.492496
0.013640	1.244000	1.492496
0.013660	1.244000	1.492496
0.013680	1.244000	1.492496
0.013700	1.244000	1.492496
0.013720	1.244000	1.492496
0.013740	1.244000	1.492296
0.013760	1.244000	1.492095
0.013780	1.244000	1.492296
0.013800	1.244000	1.492095
0.013820	1.244000	1.492095
0.013840	1.244000	1.491895
0.013860	1.244000	1.491895
0.013880	1.244000	1.491695
0.013900	1.244000	1.491495
0.013920	1.244000	1.491095
0.013940	1.244000	1.491095
0.013960	1.244000	1.490895
0.013980	1.244000	1.490495
0.014000	1.244000	1.489895
0.014020	1.244000	1.489495
0.014040	1.244000	1.488895
0.014060	1.244000	1.488495
0.014080	1.244000	1.487695
0.014100	1.244000	1.486895
0.014120	1.244000	1.486095
0.014140	1.244000	1.485095
0.014160	1.244000	1.483695
0.014180	1.244000	1.482495
0.014200	1.244000	1.481095
0.014220	1.244000	1.479695
0.014240	1.244000	1.478095
0.014260	1.244000	1.476695
0.014280	1.244000	1.475294
0.014300	1.244000	1.473894
0.014320	1.244000	1.472894
0.014340	1.244000	1.471894
0.014360	1.244000	1.471094
0.014380	1.244000	1.470494
0.014400	1.244000	1.469894
0.014420	1.244000	1.469694
0.014440	1.244000	1.469494
0.014460	1.244000	1.469294
0.014480	1.244000	1.469294
0.014500	1.244000	1.469294
0.014520	1.244000	1.469094
0.014540	1.244000	1.469294
0.014560	1.244000	1.469294
0.014580	1.244000	1.469494
0.014600	1.244000	1.469494
0.014620	1.244000	1.469494
0.014640	1.244000	1.469694
0.014660	1.244000	1.469694
0.014680	1.244000	1.469694
0.014700	1.244000	1.469894
0.014720	1.244000	1.470094
0.014740	1.244000	1.470094
0.014760	1.244000	1.470294
0.014780	1.244000	1.470494
0.014800	1.244000	1.470694
0.014820	1.244000	1.470694
0.014840	1.244000	1.470894
0.014860	1.244000	1.470894
0.014880	1.244000	1.471094
0.014900	1.244000	1.471294
0.014920	1.244000	1.471494
0.014940	1.244000	1.471494
0.014960	1.244000	1.471694
0.014980	1.244000	1.471894
0.015000	1.244000	1.471894
0.015020	1.244000	1.472294
0.015040	1.244000	1.472294
0.015060	1.244000	1.472494
0.015080	1.244000	1.472494
0.015100	1.244000	1.472894
0.015120	1.244000	1.473094
0.015140	1.244000	1.473094
0.015160	1.244000	1.473094
0.015180	1.244000	1.473294
0.015200	1.244000	1.473494
0.015220	1.244000	1.473494
0.015240	1.244000	1.473894
0.015260	1.244000	1.473894
0.015280	1.244000	1.473894
0.015300	1.244000	1.474094
0.015320	1.244000	1.474094
0.015340	1.244000	1.474494
0.015360	1.244000	1.474494
0.015380	1.244000	1.474694
0.015400	1.244000	1.474894
0.015420	1.244000	1.474894
0.015440	1.244000	1.475094
0.015460	1.244000	1.475294
0.015480	1.244000	1.475294
0.015500	1.244000	1.475694
0.015520	1.244000	1.475494
0.015540	1.244000	1.475894
0.015560	1.244000	1.475894
0.015580	1.244000	1.476094
0.015600	1.244000	1.476094
0.015620	1.244000	1.476494
0.015640	1.244000	1.476494
0.015660	1.244000	1.476494
0.015680	1.244000	1.476695
0.015700	1.244000	1.476695
0.015720	1.244000	1.477095
0.015740	1.244000	1.477095
0.015760	1.244000	1.477095
0.015780	1.244000	1.477095
0.015800	1.244000	1.477495
0.015820	1.244000	1.477495
0.015840	1.244000	1.477495
0.015860	1.244000	1.477695
0.015880	1.244000	1.477895
0.015900	1.244000	1.478095
0.015920	1.244000	1.478295
0.015940	1.244000	1.478295
0.015960	1.244000	1.478295
0.015980	1.244000	1.478295
0.016000	1.244000	1.478495
0.016020	1.244000	1.478695
0.016040	1.244000	1.478895
0.016060	1.244000	1.478695
0.016080	1.244000	1.479095
0.016100	1.244000	1.479095
0.016120	1.244000	1.479095
0.016140	1.244000	1.479295
0.016160	1.244000	1.479495
0.016180	1.244000	1.479495
0.016200	1.244000	1.479695
0.016220	1.244000	1.479695
0.016240	1.244000	1.479895
0.016260	1.244000	1.479895
0.016280	1.244000	1.480095
0.016300	1.244000	1.480095
0.016320	1.244000	1.480095
0.016340	1.244000	1.480295
0.016360	1.244000	1.480295
0.016380	1.244000	1.480695
0.016400	1.244000	1.480495
0.016420	1.244000	1.480695
0.016440	1.244000	1.480895
0.016460	1.244000	1.481095
0.016480	1.244000	1.481095
0.016500	1.244000	1.481095
0.016520	1.244000	1.481095
0.016540	1.244000	1.481295
0.016560	1.244000	1.481295
0.016580	1.244000	1.481495
0.016600	1.244000	1.481495
0.016620	1.244000	1.481695
0.016640	1.244000	1.481895
0.016660	1.244000	1.481895
0.016680	1.244000	1.481895
0.016700	1.244000	1.482095
0.016720	1.244000	1.482095
0.016740	1.244000	1.482095
0.016760	1.244000	1.482295
0.016780	1.244000	1.482295
0.016800	1.244000	1.482495
0.016820	1.244000	1.482495
0.016840	1.244000	1.482695
0.016860	1.244000	1.482495
0.016880	1.244000	1.482895
0.016900	1.244000	1.482895
0.016920	1.244000	1.483095
0.016940	1.244000	1.483095
0.016960	1.244000	1.483095
0.016980	1.244000	1.483295
0.017000	1.244000	1.483495
0.017020	1.244000	1.483495
0.017040	1.244000	1.483495
0.017060	1.244000	1.483295
0.017080	1.244000	1.483495
0.017100	1.244000	1.483695
0.017120	1.244000	1.483895
0.017140	1.244000	1.483895
0.017160	1.244000	1.484095
0.017180	1.244000	1.484095
0.017200	1.244000	1.484295
0.017220	1.244000	1.484295
0.017240	1.244000	1.484095
0.017260	1.244000	1.484495
0.017280	1.244000	1.484495
0.017300	1.244000	1.484295
0.017320	1.244000	1.484495
0.017340	1.244000	1.484695
0.017360	1.244000	1.484695
0.017380	1.244000	1.484695
0.017400	1.244000	1.484895
0.017420	1.244000	1.484895
0.017440	1.244000	1.484895
0.017460	1.244000	1.485095
0.017480	1.244000	1.484895
0.017500	1.244000	1.485095
0.017520	1.244000	1.485295
0.017540	1.244000	1.485495
0.017560	1.244000	1.485295
0.017580	1.244000	1.485295
0.017600	1.244000	1.485495
0.017620	1.244000	1.485695
0.017640	1.244000	1.485695
0.017660	1.244000	1.485695
0.017680	1.244000	1.485895
0.017700	1.244000	1.485895
0.017720	1.244000	1.485895
0.017740	1.244000	1.485895
0.017760	1.244000	1.486095
0.017780	1.244000	1.486095
0.017800	1.244000	1.486095
0.017820	1.244000	1.486295
0.017840	1.244000	1.486295
0.017860	1.244000	1.486295
0.017880	1.244000	1.486295
0.017900	1.244000	1.486295
0.017920	1.244000	1.486495
0.017940	1.244000	1.486495
0.017960	1.244000	1.486695
0.017980	1.244000	1.486695
0.018000	1.244000	1.486695
0.018020	1.244000	1.486695
0.018040	1.244000	1.487095
0.018060	1.244000	1.486895
0.018080	1.244000	1.487095
0.018100	1.244000	1.487095
0.018120	1.244000	1.487295
0.018140	1.244000	1.487095
0.018160	1.244000	1.487295
0.018180	1.244000	1.487295
0.018200	1.244000	1.487295
0.018220	1.244000	1.487295
0.018240	1.244000	1.487495
0.018260	1.244000	1.487495
0.018280	1.244000	1.487495
0.018300	1.244000	1.487695
0.018320	1.244000	1.487495
0.018340	1.244000	1.487695
0.018360	1.244000	1.487895
0.018380	1.244000	1.487895
0.018400	1.244000	1.487895
0.018420	1.244000	1.488095
0.018440	1.244000	1.487895
0.018460	1.244000	1.488095
0.018480	1.244000	1.487895
0.018500	1.244000	1.488095
0.018520	1.244000	1.488295
0.018540	1.244000	1.488095
0.018560	1.244000	1.488295
0.018580	1.244000	1.488295
0.018600	1.244000	1.488295
0.018620	1.244000	1.488495
0.018640	1.244000	1.488295
0.018660	1.244000	1.488495
0.018680	1.244000	1.488695
0.018700	1.244000	1.488895
0.018720	1.244000	1.488895
0.018740	1.244000	1.488895
0.018760	1.244000	1.488895
0.018780	1.244000	1.488895
0.018800	1.244000	1.488895
0.018820	1.244000	1.488895
0.018840	1.244000	1.488895
0.018860	1.244000	1.489095
0.018880	1.244000	1.488895
0.018900	1.244000	1.489095
0.018920	1.244000	1.489095
0.018940	1.244000	1.489095
0.018960	1.244000	1.489295
0.018980	1.244000	1.489295
0.019000	1.244000	1.489295
0.019020	1.244000	1.489295
0.019040	1.244000	1.489495
0.019060	1.244000	1.489495
0.019080	1.244000	1.489495
0.019100	1.244000	1.489295
0.019120	1.244000	1.489495
0.019140	1.244000	1.489895
0.019160	1.244000	1.489695
0.019180	1.244000	1.489695
0.019200	1.244000	1.489895
0.019220	1.244000	1.489695
0.019240	1.244000	1.489895
0.019260	1.244000	1.490095
0.019280	1.244000	1.489895
0.019300	1.244000	1.489895
0.019320	1.244000	1.490095
0.019340	1.244000	1.490095
0.019360	1.244000	1.490095
0.019380	1.244000	1.490095
0.019400	1.244000	1.490095
0.019420	1.244000	1.490295
0.019440	1.244000	1.490095
0.019460	1.244000	1.490295
0.019480	1.244000	1.490095
0.019500	1.244000	1.490295
0.019520	1.244000	1.490295
0.019540	1.244000	1.490495
0.019560	1.244000	1.490495
0.019580	1.244000	1.490495
0.019600	1.244000	1.490295
0.019620	1.244000	1.490495
0.019640	1.244000	1.490495
0.019660	1.244000	1.490695
0.019680	1.244000	1.490895
0.019700	1.244000	1.490695
0.019720	1.244000	1.490895
0.019740	1.244000	1.490895
0.019760	1.244000	1.490695
0.019780	1.244000	1.490895
0.019800	1.244000	1.490895
0.019820	1.244000	1.490895
0.019840	1.244000	1.491095
0.019860	1.244000	1.490895
0.019880	1.244000	1.490895
0.019900	1.244000	1.491095
0.019920	1.244000	1.491095
0.019940	1.244000	1.491095
0.019960	1.244000	1.491295
0.019980	1.244000	1.491095
0.020000	1.244000	1.491295
0.020020	1.244000	1.491295
0.020040	1.244000	1.491295
0.020060	1.244000	1.491495
0.020080	1.244000	1.491295
0.020100	1.244000	1.491295
0.020120	1.244000	1.491495
0.020140	1.244000	1.491495
0.020160	1.244000	1.491495
0.020180	1.244000	1.491495
0.020200	1.244000	1.491495
0.020220	1.244000	1.491495
0.020240	1.908000	1.491695
0.020260	2.160000	1.491495
0.020280	2.160000	1.491495
0.020300	2.156000	1.491695
0.020320	2.152000	1.491695
0.020340	2.148000	1.491695
0.020360	2.148000	1.491495
0.020380	2.144000	1.491695
0.020400	2.140000	1.491695
0.020420	2.136000	1.491895
0.020440	2.132000	1.491695
0.020460	2.132000	1.491895
0.020480	2.128000	1.491895
0.020500	2.124000	1.491895
0.020520	2.120000	1.491895
0.020540	2.116000	1.491895
0.020560	2.116000	1.491895
0.020580	2.112000	1.492095
0.020600	2.108000	1.491895
0.020620	2.108000	1.492095
0.020640	2.104000	1.492095
0.020660	2.100000	1.492095
0.020680	2.100000	1.492095
0.020700	2.096000	1.492095
0.020720	2.092000	1.492095
0.020740	2.092000	1.492296
0.020760	2.088000	1.492095
0.020780	2.088000	1.492095
0.020800	2.084000	1.492496
0.020820	2.080000	1.492296
0.020840	2.080000	1.492296
0.020860	2.076000	1.492296
0.020880	2.076000	1.492296
0.020900	2.072000	1.492296
0.020920	2.068000	1.492496
0.020940	2.068000	1.492496
0.020960	2.068000	1.492296
0.020980	2.064000	1.492496
0.021000	2.060000	1.492496
0.021020	2.060000	1.492496
0.021040	2.060000	1.492696
0.021060	2.056000	1.492496
0.021080	2.056000	1.492496
0.021100	2.052000	1.492696
0.021120	2.052000	1.492696
0.021140	2.052000	1.492696
0.021160	2.048000	1.492696
0.021180	2.044000	1.492496
0.021200	2.044000	1.492496
0.021220	2.044000	1.492696
0.021240	2.044000	1.492696
0.021260	2.040000	1.492696
0.021280	2.040000	1.492896
0.021300	2.040000	1.492896
0.021320	2.036000	1.492896
0.021340	2.036000	1.492896
0.021360	2.032000	1.492696
0.021380	2.028000	1.492896
0.021400	2.028000	1.492896
0.021420	2.028000	1.492896
0.021440	2.024000	1.492896
0.021460	2.024000	1.492896
0.021480	2.024000	1.493096
0.021500	2.020000	1.493096
0.021520	2.020000	1.492896
0.021540	2.016000	1.492896
0.021560	2.016000	1.493096
0.021580	2.016000	1.493096
0.021600	2.016000	1.493096
0.021620	2.012000	1.492896
0.021640	2.012000	1.493096
0.021660	2.012000	1.493096
0.021680	2.008000	1.493096
0.021700	2.008000	1.492896
0.021720	2.008000	1.493096
0.021740	2.008000	1.493096
0.021760	2.004000	1.492896
0.021780	2.004000	1.492896
0.021800	2.004000	1.492896
0.021820	2.000000	1.492896
0.021840	2.000000	1.492896
0.021860	2.000000	1.492696
0.021880	1.996000	1.492896
0.021900	1.996000	1.492696
0.021920	1.996000	1.492696
0.021940	1.996000	1.492696
0.021960	1.996000	1.492496
0.021980	1.992000	1.492496
0.022000	1.992000	1.492496
0.022020	1.992000	1.492296
0.022040	1.988000	1.491895
0.022060	1.988000	1.491895
0.022080	1.984000	1.491695
0.022100	1.984000	1.491495
0.022120	1.984000	1.491095
0.022140	1.984000	1.490495
0.022160	1.980000	1.490095
0.022180	1.980000	1.489495
0.022200	1.980000	1.488895
0.022220	1.980000	1.487895
0.022240	1.976000	1.486695
0.022260	1.976000	1.485295
0.022280	1.976000	1.483895
0.022300	1.972000	1.482295
0.022320	1.972000	1.480495
0.022340	1.972000	1.478695
0.022360	1.972000	1.476895
0.022380	1.968000	1.475094
0.022400	1.968000	1.473694
0.022420	1.968000	1.472294
0.022440	1.968000	1.471494
0.022460	1.968000	1.470694
0.022480	1.964000	1.470094
0.022500	1.964000	1.469894
0.022520	1.964000	1.469694
0.022540	1.964000	1.469494
0.022560	1.960000	1.469294
0.022580	1.960000	1.469494
0.022600	1.960000	1.469494
0.022620	1.960000	1.469294
0.022640	1.960000	1.469294
0.022660	1.956000	1.469494
0.022680	1.956000	1.469494
0.022700	1.956000	1.469694
0.022720	1.952000	1.469694
0.022740	1.952000	1.469694
0.022760	1.952000	1.469894
0.022780	1.952000	1.470094
0.022800	1.952000	1.470094
0.022820	1.948000	1.470294
0.022840	1.948000	1.470494
0.022860	1.948000	1.470494
0.022880	1.948000	1.470694
0.022900	1.944000	1.470694
0.022920	1.944000	1.470894
0.022940	1.940000	1.471094
0.022960	1.944000	1.471094
0.022980	1.940000	1.471294
0.023000	1.940000	1.471294
0.023020	1.940000	1.471694
0.023040	1.940000	1.471694
0.023060	1.936000	1.471894
0.023080	1.936000	1.472094
0.023100	1.936000	1.471894
0.023120	1.936000	1.472094
0.023140	1.936000	1.472494
0.023160	1.936000	1.472694
0.023180	1.932000	1.472494
0.023200	1.932000	1.472694
0.023220	1.932000	1.472894
0.023240	1.928000	1.473094
0.023260	1.928000	1.473294
0.023280	1.928000	1.473494
0.023300	1.928000	1.473694
0.023320	1.928000	1.473694
0.023340	1.928000	1.473894
0.023360	1.924000	1.474094
0.023380	1.924000	1.473894
0.023400	1.924000	1.474294
0.023420	1.924000	1.474294
0.023440	1.924000	1.474494
0.023460	1.924000	1.474694
0.023480	1.924000	1.474694
0.023500	1.920000	1.474894
0.023520	1.920000	1.475094
0.023540	1.920000	1.475294
0.023560	1.920000	1.475294
0.023580	1.920000	1.475494
0.023600	1.916000	1.475694
0.023620	1.920000	1.475494
0.023640	1.916000	1.475694
0.023660	1.916000	1.475894
0.023680	1.916000	1.476094
0.023700	1.916000	1.476294
0.023720	1.916000	1.476294
0.023740	1.912000	1.476294
0.023760	1.912000	1.476494
0.023780	1.912000	1.476494
0.023800	1.912000	1.476895
0.023820	1.912000	1.476895
0.023840	1.912000	1.476895
0.023860	1.912000	1.477095
0.023880	1.912000	1.477095
0.023900	1.908000	1.477295
0.023920	1.908000	1.477695
0.023940	1.908000	1.477695
0.023960	1.908000	1.477695
0.023980	1.908000	1.477695
0.024000	1.908000	1.478095
0.024020	1.904000	1.478095
0.024040	1.904000	1.478095
0.024060	1.904000	1.478295
0.024080	1.904000	1.478295
0.024100	1.904000	1.478495
0.024120	1.904000	1.478495
0.024140	1.904000	1.478695
0.024160	1.900000	1.478895
0.024180	1.900000	1.478895
0.024200	1.900000	1.478895
0.024220	1.900000	1.479295
0.024240	1.900000	1.479295
0.024260	1.900000	1.479295
0.024280	1.900000	1.479495
0.024300	1.896000	1.479495
0.024320	1.896000	1.479495
0.024340	1.896000	1.479695
0.024360	1.896000	1.479895
0.024380	1.896000	1.479895
0.024400	1.892000	1.479895
0.024420	1.896000	1.480295
0.024440	1.892000	1.480095
0.024460	1.896000	1.480295
0.024480	1.892000	1.480295
0.024500	1.892000	1.480495
0.024520	1.892000	1.480695
0.024540	1.892000	1.480695
0.024560	1.892000	1.480895
0.024580	1.892000	1.480895
0.024600	1.888000	1.480895
0.024620	1.892000	1.481095
0.024640	1.888000	1.481295
0.024660	1.888000	1.481295
0.024680	1.888000	1.481295
0.024700	1.884000	1.481495
0.024720	1.888000	1.481495
0.024740	1.884000	1.481895
0.024760	1.884000	1.481695
0.024780	1.884000	1.481695
0.024800	1.884000	1.482095
0.024820	1.884000	1.482095
0.024840	1.884000	1.482095
0.024860	1.884000	1.482095
0.024880	1.884000	1.482295
0.024900	1.884000	1.482295
0.024920	1.884000	1.482495
0.024940	1.884000	1.482495
0.024960	1.884000	1.482695
0.024980	1.880000	1.482495
0.025000	1.880000	1.482695
0.025020	1.880000	1.482895
0.025040	1.880000	1.482695
0.025060	1.880000	1.482895
0.025080	1.880000	1.482895
0.025100	1.880000	1.483295
0.025120	1.876000	1.483295
0.025140	1.876000	1.483295
0.025160	1.876000	1.483295
0.025180	1.876000	1.483495
0.025200	1.876000	1.483495
0.025220	1.876000	1.483695
0.025240	1.876000	1.483695
0.025260	1.876000	1.483895
0.025280	1.876000	1.483695
0.025300	1.876000	1.483895
0.025320	1.876000	1.483895
0.025340	1.872000	1.484095
0.025360	1.872000	1.484095
0.025380	1.876000	1.484095
0.025400	1.872000	1.484295
0.025420	1.872000	1.484295
0.025440	1.872000	1.484295
0.025460	1.872000	1.484295
0.025480	1.872000	1.484695
0.025500	1.872000	1.484695
0.025520	1.868000	1.484695
0.025540	1.872000	1.484495
0.025560	1.868000	1.484695
0.025580	1.868000	1.484895
0.025600	1.868000	1.485095
0.025620	1.868000	1.485095
0.025640	1.868000	1.485095
0.025660	1.868000	1.485095
0.025680	1.868000	1.485295
0.025700	1.868000	1.485295
0.025720	1.868000	1.485295
0.025740	1.868000	1.485495
0.025760	1.868000	1.485495
0.025780	1.864000	1.485495
0.025800	1.864000	1.485695
0.025820	1.868000	1.485695
0.025840	1.864000	1.485695
0.025860	1.864000	1.485895
0.025880	1.864000	1.485895
0.025900	1.864000	1.485895
0.025920	1.864000	1.486095
0.025940	1.864000	1.485895
0.025960	1.864000	1.486095
0.025980	1.864000	1.486095
0.026000	1.864000	1.486095
0.026020	1.864000	1.486495
0.026040	1.864000	1.486295
0.026060	1.864000	1.486295
0.026080	1.860000	1.486495
0.026100	1.860000	1.486495
0.026120	1.860000	1.486895
0.026140	1.860000	1.486695
0.026160	1.860000	1.486695
0.026180	1.860000	1.486495
0.026200	1.860000	1.486895
0.026220	1.860000	1.486895
0.026240	1.860000	1.486695
0.026260	1.860000	1.486895
0.026280	1.860000	1.486895
0.026300	1.860000	1.487095
0.026320	1.860000	1.487095
0.026340	1.860000	1.487095
0.026360	1.860000	1.487295
0.026380	1.856000	1.487495
0.026400	1.856000	1.487495
0.026420	1.856000	1.487495
0.026440	1.860000	1.487495
0.026460	1.856000	1.487295
0.026480	1.856000	1.487495
0.026500	1.856000	1.487495
0.026520	1.856000	1.487695
0.026540	1.856000	1.487695
0.026560	1.856000	1.487695
0.026580	1.856000	1.487695
0.026600	1.856000	1.487895
0.026620	1.856000	1.487695
0.026640	1.852000	1.488095
0.026660	1.852000	1.487895
0.026680	1.852000	1.487895
0.026700	1.852000	1.488095
0.026720	1.852000	1.488295
0.026740	1.852000	1.488495
0.026760	1.852000	1.488295
0.026780	1.852000	1.488295
0.026800	1.852000	1.488295
0.026820	1.852000	1.488295
0.026840	1.848000	1.488495
0.026860	1.848000	1.488295
0.026880	1.848000	1.488495
0.026900	1.848000	1.488695
0.026920	1.848000	1.488695
0.026940	1.848000	1.488695
0.026960	1.848000	1.488695
0.026980	1.848000	1.488695
0.027000	1.848000	1.488695
0.027020	1.848000	1.488695
0.027040	1.848000	1.488695
0.027060	1.848000	1.488895
0.027080	1.848000	1.488895
0.027100	1.848000	1.488895
0.027120	1.848000	1.489095
0.027140	1.848000	1.489095
0.027160	1.848000	1.489295
0.027180	1.848000	1.489095
0.027200	1.848000	1.489095
0.027220	1.848000	1.489295
0.027240	1.844000	1.489295
0.027260	1.848000	1.489295
0.027280	1.848000	1.489495
0.027300	1.848000	1.489495
0.027320	1.844000	1.489295
0.027340	1.848000	1.489495
0.027360	1.848000	1.489495
0.027380	1.844000	1.489495
0.027400	1.844000	1.489695
0.027420	1.844000	1.489495
0.027440	1.844000	1.489495
0.027460	1.844000	1.489695
0.027480	1.844000	1.489495
0.027500	1.844000	1.489695
0.027520	1.844000	1.489895
0.027540	1.844000	1.489895
0.027560	1.844000	1.489895
0.027580	1.844000	1.489695
0.027600	1.844000	1.489895
0.027620	1.844000	1.489895
0.027640	1.840000	1.490095
0.027660	1.840000	1.489895
0.027680	1.844000	1.490095
0.027700	1.844000	1.490295
0.027720	1.844000	1.490095
0.027740	1.844000	1.490295
0.027760	1.844000	1.490295
0.027780	1.844000	1.490095
0.027800	1.840000	1.490295
0.027820	1.840000	1.490495
0.027840	1.840000	1.490295
0.027860	1.840000	1.490695
0.027880	1.844000	1.490495
0.027900	1.844000	1.490295
0.027920	1.840000	1.490495
0.027940	1.840000	1.490495
0.027960	1.840000	1.490495
0.027980	1.840000	1.490695
0.028000	1.840000	1.490695
0.028020	1.840000	1.490495
0.028040	1.840000	1.490695
0.028060	1.840000	1.490695
0.028080	1.840000	1.490695
0.028100	1.840000	1.490695
0.028120	1.840000	1.490695
0.028140	1.840000	1.490895
0.028160	1.840000	1.490895
0.028180	1.840000	1.491095
0.028200	1.840000	1.491095
0.028220	1.840000	1.491095
0.028240	1.840000	1.491095
0.028260	1.840000	1.491095
0.028280	1.840000	1.490895
0.028300	1.840000	1.491095
0.028320	1.836000	1.491095
0.028340	1.840000	1.491295
0.028360	1.840000	1.491295
0.028380	1.840000	1.491295
0.028400	1.836000	1.491295
0.028420	1.764000	1.491295
0.028440	1.244000	1.491295
0.028460	1.244000	1.491495
0.028480	1.244000	1.491495
0.028500	1.244000	1.491495
0.028520	1.244000	1.491695
0.028540	1.244000	1.491695
0.028560	1.244000	1.491495
0.028580	1.244000	1.491695
0.028600	1.244000	1.491495
0.028620	1.244000	1.491695
0.028640	1.244000	1.491695
0.028660	1.244000	1.491895
0.028680	1.244000	1.491895
0.028700	1.244000	1.491895
0.028720	1.244000	1.491895
0.028740	1.244000	1.491895
0.028760	1.244000	1.491895
0.028780	1.244000	1.491895
0.028800	1.244000	1.491895
0.028820	1.244000	1.491895
0.028840	1.244000	1.492095
0.028860	1.244000	1.491895
0.028880	1.244000	1.491895
0.028900	1.244000	1.492095
0.028920	1.244000	1.491895
0.028940	1.244000	1.492095
0.028960	1.244000	1.492095
0.028980	1.244000	1.492095
0.029000	1.244000	1.492296
0.029020	1.244000	1.492296
0.029040	1.244000	1.492095
0.029060	1.244000	1.492095
0.029080	1.244000	1.492296
0.029100	1.244000	1.492095
0.029120	1.244000	1.492296
0.029140	1.244000	1.492296
0.029160	1.244000	1.492296
0.029180	1.244000	1.492496
0.029200	1.244000	1.492296
0.029220	1.244000	1.492496
0.029240	1.244000	1.492696
0.029260	1.244000	1.492496
0.029280	1.244000	1.492496
0.029300	1.244000	1.492496
0.029320	1.244000	1.492696
0.029340	1.244000	1.492496
0.029360	1.244000	1.492696
0.029380	1.244000	1.492496
0.029400	1.244000	1.492296
0.029420	1.244000	1.492296
0.029440	1.244000	1.492496
0.029460	1.244000	1.492496
0.029480	1.244000	1.492696
0.029500	1.244000	1.492496
0.029520	1.244000	1.492696
0.029540	1.244000	1.492496
0.029560	1.244000	1.492696
0.029580	1.244000	1.492496
0.029600	1.244000	1.492696
0.029620	1.244000	1.492896
0.029640	1.244000	1.492696
0.029660	1.244000	1.492696
0.029680	1.244000	1.492696
0.029700	1.244000	1.492896
0.029720	1.244000	1.492696
0.029740	1.244000	1.492696
0.029760	1.244000	1.492896
0.029780	1.244000	1.492696
0.029800	1.244000	1.492696
0.029820	1.244000	1.492696
0.029840	1.244000	1.492896
0.029860	1.244000	1.492696
0.029880	1.244000	1.492896
0.029900	1.244000	1.492696
0.029920	1.244000	1.492696
0.029940	1.244000	1.492696
0.029960	1.244000	1.492696
0.029980	1.244000	1.492496
0.030000	1.244000	1.492496
0.030020	1.244000	1.492496
0.030040	1.244000	1.492496
0.030060	1.244000	1.492696
0.030080	1.244000	1.492296
0.030100	1.244000	1.492296
0.030120	1.244000	1.492296
0.030140	1.244000	1.492095
0.030160	1.244000	1.492296
0.030180	1.244000	1.491895
0.030200	1.244000	1.492095
0.030220	1.244000	1.491895
0.030240	1.244000	1.491695
0.030260	1.244000	1.491695
0.030280	1.244000	1.491495
0.030300	1.244000	1.491295
0.030320	1.244000	1.491095
0.030340	1.244000	1.490895
0.030360	1.244000	1.490495
0.030380	1.244000	1.490095
0.030400	1.244000	1.489695
0.030420	1.244000	1.489095
0.030440	1.244000	1.488695
0.030460	1.244000	1.488095
0.030480	1.244000	1.487495
0.030500	1.244000	1.486695
0.030520	1.244000	1.485695
0.030540	1.244000	1.484495
0.030560	1.244000	1.483495
0.030580	1.244000	1.481895
0.030600	1.244000	1.480695
0.030620	1.244000	1.479295
0.030640	1.244000	1.477495
0.030660	1.244000	1.475894
0.030680	1.244000	1.474694
0.030700	1.244000	1.473694
0.030720	1.244000	1.472494
0.030740	1.244000	1.471494
0.030760	1.244000	1.470894
0.030780	1.244000	1.470294
0.030800	1.244000	1.469894
0.030820	1.244000	1.469694
0.030840	1.244000	1.469294
0.030860	1.244000	1.469294
0.030880	1.244000	1.469294
0.030900	1.244000	1.469294
0.030920	1.244000	1.469294
0.030940	1.244000	1.469294
0.030960	1.244000	1.469294
0.030980	1.244000	1.469294
0.031000	1.244000	1.469494
0.031020	1.244000	1.469294
0.031040	1.244000	1.469494
0.031060	1.244000	1.469894
0.031080	1.244000	1.469894
0.031100	1.244000	1.470094
0.031120	1.244000	1.470094
0.031140	1.244000	1.470094
0.031160	1.244000	1.470494
0.031180	1.244000	1.470694
0.031200	1.244000	1.470694
0.031220	1.244000	1.470694
0.031240	1.244000	1.470894
0.031260	1.244000	1.470894
0.031280	1.244000	1.471094
0.031300	1.244000	1.471294
0.031320	1.244000	1.471494
0.031340	1.244000	1.471494
0.031360	1.244000	1.471694
0.031380	1.244000	1.472094
0.031400	1.244000	1.472094
0.031420	1.244000	1.472094
0.031440	1.244000	1.472494
0.031460	1.244000	1.472494
0.031480	1.244000	1.472694
0.031500	1.244000	1.472694
0.031520	1.244000	1.472894
0.031540	1.244000	1.473094
0.031560	1.244000	1.473294
0.031580	1.244000	1.473494
0.031600	1.244000	1.473494
0.031620	1.244000	1.473694
0.031640	1.244000	1.473894
0.031660	1.244000	1.473894
0.031680	1.244000	1.473894
0.031700	1.244000	1.474094
0.031720	1.244000	1.474294
0.031740	1.244000	1.474694
0.031760	1.244000	1.474494
0.031780	1.244000	1.474894
0.031800	1.244000	1.474894
0.031820	1.244000	1.475094
0.031840	1.244000	1.475294
0.031860	1.244000	1.475294
0.031880	1.244000	1.475294
0.031900	1.244000	1.475494
0.031920	1.244000	1.475694
0.031940	1.244000	1.475894
0.031960	1.244000	1.476094
0.031980	1.244000	1.476094
0.032000	1.244000	1.476094
0.032020	1.244000	1.476294
0.032040	1.244000	1.476494
0.032060	1.244000	1.476695
0.032080	1.244000	1.476895
0.032100	1.244000	1.476895
0.032120	1.244000	1.477095
0.032140	1.244000	1.477095
0.032160	1.244000	1.477295
0.032180	1.244000	1.477295
0.032200	1.244000	1.477295
0.032220	1.244000	1.477695
0.032240	1.244000	1.477695
0.032260	1.244000	1.477895
0.032280	1.244000	1.477895
0.032300	1.244000	1.478095
0.032320	1.244000	1.478095
0.032340	1.244000	1.478295
0.032360	1.244000	1.478495
0.032380	1.244000	1.478495
0.032400	1.244000	1.478695
0.032420	1.244000	1.478495
0.032440	1.244000	1.478695
0.032460	1.244000	1.478895
0.032480	1.244000	1.479095
0.032500	1.244000	1.479095
0.032520	1.244000	1.479295
0.032540	1.244000	1.479295
0.032560	1.244000	1.479695
0.032580	1.244000	1.479695
0.032600	1.244000	1.479895
0.032620	1.244000	1.479895
0.032640	1.244000	1.479895
0.032660	1.244000	1.480095
0.032680	1.244000	1.480095
0.032700	1.244000	1.480295
0.032720	1.244000	1.480095
0.032740	1.244000	1.480295
0.032760	1.244000	1.480495
0.032780	1.244000	1.480495
0.032800	1.244000	1.480695
0.032820	1.244000	1.480895
0.032840	1.244000	1.480895
0.032860	1.244000	1.481095
0.032880	1.244000	1.481095
0.032900	1.244000	1.481095
0.032920	1.244000	1.481095
0.032940	1.244000	1.481295
0.032960	1.244000	1.481295
0.032980	1.244000	1.481495
0.033000	1.244000	1.481695
0.033020	1.244000	1.481895
0.033040	1.244000	1.481895
0.033060	1.244000	1.482095
0.033080	1.244000	1.482095
0.033100	1.244000	1.482095
0.033120	1.244000	1.482295
0.033140	1.244000	1.482095
0.033160	1.244000	1.482095
0.033180	1.244000	1.482495
0.033200	1.244000	1.482495
0.033220	1.244000	1.482495
0.033240	1.244000	1.482695
0.033260	1.244000	1.482895
0.033280	1.244000	1.482895
0.033300	1.244000	1.483095
0.033320	1.244000	1.483295
0.033340	1.244000	1.483095
0.033360	1.244000	1.483095
0.033380	1.244000	1.483095
0.033400	1.244000	1.483295
0.033420	1.244000	1.483295
0.033440	1.244000	1.483495
0.033460	1.244000	1.483695
0.033480	1.244000	1.483695
0.033500	1.244000	1.483895
0.033520	1.244000	1.483695
0.033540	1.244000	1.484095
0.033560	1.244000	1.484095
0.033580	1.244000	1.484295
0.033600	1.244000	1.484095
0.033620	1.244000	1.484295
0.033640	1.244000	1.484295
0.033660	1.244000	1.484295
0.033680	1.244000	1.484295
0.033700	1.244000	1.484495
0.033720	1.244000	1.484495
0.033740	1.244000	1.484495
0.033760	1.244000	1.484895
0.033780	1.244000	1.484695
0.033800	1.244000	1.484895
0.033820	1.244000	1.484895
0.033840	1.244000	1.484895
0.033860	1.244000	1.485295
0.033880	1.244000	1.485295
0.033900	1.244000	1.485295
0.033920	1.244000	1.485295
0.033940	1.244000	1.485295
0.033960	1.244000	1.485295
0.033980	1.244000	1.485495
0.034000	1.244000	1.485695
0.034020	1.244000	1.485495
0.034040	1.244000	1.485695
0.034060	1.244000	1.485695
0.034080	1.244000	1.485695
0.034100	1.244000	1.485895
0.034120	1.244000	1.485895
0.034140	1.244000	1.486095
0.034160	1.244000	1.486095
0.034180	1.244000	1.486095
0.034200	1.244000	1.486095
0.034220	1.244000	1.486295
0.034240	1.244000	1.486295
0.034260	1.244000	1.486295
0.034280	1.244000	1.486295
0.034300	1.244000	1.486495
0.034320	1.244000	1.486495
0.034340	1.244000	1.486495
0.034360	1.244000	1.486495
0.034380	1.244000	1.486695
0.034400	1.244000	1.486695
0.034420	1.244000	1.486895
0.034440	1.244000	1.486895
0.034460	1.244000	1.486895
0.034480	1.244000	1.487095
0.034500	1.244000	1.487095
0.034520	1.244000	1.487095
0.034540	1.244000	1.487295
0.034560	1.244000	1.487095
0.034580	1.244000	1.487295
0.034600	1.244000	1.487295
0.034620	1.244000	1.487495
0.034640	1.244000	1.487495
0.034660	1.244000	1.487495
0.034680	1.244000	1.487695
0.034700	1.244000	1.487495
0.034720	1.244000	1.487495
0.034740	1.244000	1.487695
0.034760	1.244000	1.487695
0.034780	1.244000	1.487895
0.034800	1.244000	1.487895
0.034820	1.244000	1.488095
0.034840	1.244000	1.487895
0.034860	1.244000	1.487895
0.034880	1.244000	1.488095
0.034900	1.244000	1.488095
0.034920	1.244000	1.488095
0.034940	1.244000	1.488095
0.034960	1.244000	1.488095
0.034980	1.244000	1.488295
0.035000	1.244000	1.488495
0.035020	1.244000	1.488295
0.035040	1.244000	1.488495
0.035060	1.244000	1.488695
0.035080	1.244000	1.488695
0.035100	1.244000	1.488695
0.035120	1.244000	1.488695
0.035140	1.244000	1.488695
0.035160	1.244000	1.488695
0.035180	1.244000	1.488895
0.035200	1.244000	1.488895
0.035220	1.244000	1.488895
0.035240	1.244000	1.488895
0.035260	1.244000	1.489095
0.035280	1.244000	1.489095
0.035300	1.244000	1.489095
0.035320	1.244000	1.489095
0.035340	1.244000	1.489095
0.035360	1.244000	1.489295
0.035380	1.244000	1.489295
0.035400	1.244000	1.489295
0.035420	1.244000	1.489495
0.035440	1.244000	1.489295
0.035460	1.244000	1.489295
0.035480	1.244000	1.489295
0.035500	1.244000	1.489695
0.035520	1.244000	1.489495
0.035540	1.244000	1.489695
0.035560	1.244000	1.489695
0.035580	1.244000	1.489695
0.035600	1.244000	1.489895
0.035620	1.244000	1.489895
0.035640	1.244000	1.489895
0.035660	1.244000	1.489695
0.035680	1.244000	1.489895
0.035700	1.244000	1.489695
0.035720	1.244000	1.490095
0.035740	1.244000	1.490095
0.035760	1.244000	1.490095
0.035780	1.244000	1.490095
0.035800	1.244000	1.490295
0.035820	1.244000	1.490095
0.035840	1.244000	1.490095
0.035860	1.244000	1.490295
0.035880	1.244000	1.490295
0.035900	1.244000	1.490295
0.035920	1.244000	1.490495
0.035940	1.244000	1.490295
0.035960	1.244000	1.490495
0.035980	1.244000	1.490495
0.036000	1.244000	1.490495
0.036020	1.244000	1.490695
0.036040	1.244000	1.490695
0.036060	1.244000	1.490695
0.036080	1.244000	1.490695
0.036100	1.244000	1.490695
0.036120	1.244000	1.490895
0.036140	1.244000	1.490695
0.036160	1.244000	1.490895
0.036180	1.244000	1.490895
0.036200	1.244000	1.490895
0.036220	1.244000	1.491095
0.036240	1.244000	1.490895
0.036260	1.244000	1.491095
0.036280	1.244000	1.491095
0.036300	1.244000	1.491095
0.036320	1.244000	1.491095
0.036340	1.244000	1.491295
0.036360	1.244000	1.491295
0.036380	1.244000	1.491295
0.036400	1.244000	1.491295
0.036420	1.244000	1.491095
0.036440	1.244000	1.491295
0.036460	1.244000	1.491295
0.036480	1.244000	1.491295
0.036500	1.244000	1.491295
0.036520	1.244000	1.491295
0.036540	1.244000	1.491495
0.036560	1.244000	1.491295
0.036580	1.244000	1.491495
0.036600	1.244000	1.491495
0.036620	1.304000	1.491695
0.036640	2.128000	1.491695
0.036660	2.160000	1.491695
0.036680	2.160000	1.491695
0.036700	2.156000	1.491495
0.036720	2.152000	1.491695
0.036740	2.148000	1.491695
0.036760	2.144000	1.491695
0.036780	2.140000	1.491895
0.036800	2.136000	1.491695
0.036820	2.136000	1.491695
0.036840	2.132000	1.491695
0.036860	2.128000	1.491895
0.036880	2.124000	1.491895
0.036900	2.124000	1.491895
0.036920	2.120000	1.491895
0.036940	2.116000	1.491895
0.036960	2.112000	1.491895
0.036980	2.112000	1.491895
0.037000	2.108000	1.492095
0.037020	2.108000	1.492095
0.037040	2.104000	1.492095
0.037060	2.100000	1.492296
0.037080	2.096000	1.492296
0.037100	2.096000	1.492296
0.037120	2.092000	1.492296
0.037140	2.092000	1.492095
0.037160	2.088000	1.492296
0.037180	2.088000	1.492496
0.037200	2.084000	1.492296
0.037220	2.080000	1.492296
0.037240	2.080000	1.492696
0.037260	2.076000	1.492296
0.037280	2.076000	1.492496
0.037300	2.072000	1.492496
0.037320	2.072000	1.492496
0.037340	2.068000	1.492496
0.037360	2.064000	1.492496
0.037380	2.064000	1.492496
0.037400	2.064000	1.492696
0.037420	2.060000	1.492496
0.037440	2.060000	1.492496
0.037460	2.060000	1.492896
0.037480	2.056000	1.492696
0.037500	2.052000	1.492696
0.037520	2.052000	1.492896
0.037540	2.048000	1.492696
0.037560	2.048000	1.492696
0.037580	2.044000	1.492696
0.037600	2.044000	1.492696
0.037620	2.044000	1.492696
0.037640	2.040000	1.493096
0.037660	2.040000	1.492896
0.037680	2.036000	1.492696
0.037700	2.036000	1.492696
0.037720	2.036000	1.492696
0.037740	2.036000	1.492896
0.037760	2.032000	1.492896
0.037780	2.032000	1.492696
0.037800	2.028000	1.492896
0.037820	2.028000	1.493096
0.037840	2.024000	1.493096
0.037860	2.024000	1.493096
0.037880	2.024000	1.492896
0.037900	2.020000	1.492896
0.037920	2.020000	1.492896
0.037940	2.016000	1.493096
0.037960	2.016000	1.492896
0.037980	2.016000	1.493096
0.038000	2.012000	1.493096
0.038020	2.012000	1.492896
0.038040	2.012000	1.493096
0.038060	2.012000	1.493096
0.038080	2.008000	1.493096
0.038100	2.008000	1.493096
0.038120	2.008000	1.493296
0.038140	2.008000	1.493096
0.038160	2.004000	1.493096
0.038180	2.004000	1.493096
0.038200	2.004000	1.493096
0.038220	2.000000	1.492896
0.038240	2.000000	1.492896
0.038260	2.000000	1.492896
0.038280	1.996000	1.492896
0.038300	1.996000	1.492696
0.038320	1.996000	1.492896
0.038340	1.996000	1.492696
0.038360	1.992000	1.492696
0.038380	1.992000	1.492496
0.038400	1.992000	1.492496
0.038420	1.988000	1.492296
0.038440	1.988000	1.492095
0.038460	1.988000	1.491895
0.038480	1.984000	1.491495
0.038500	1.984000	1.491295
0.038520	1.984000	1.490895
0.038540	1.980000	1.490695
0.038560	1.980000	1.489895
0.038580	1.980000	1.489295
0.038600	1.980000	1.488495
0.038620	1.980000	1.487495
0.038640	1.976000	1.486295
0.038660	1.976000	1.484695
0.038680	1.972000	1.483095
0.038700	1.972000	1.481695
0.038720	1.972000	1.479695
0.038740	1.972000	1.478095
0.038760	1.968000	1.476294
0.038780	1.968000	1.474694
0.038800	1.968000	1.473294
0.038820	1.968000	1.472094
0.038840	1.964000	1.471294
0.038860	1.964000	1.470494
0.038880	1.964000	1.470094
0.038900	1.964000	1.469894
0.038920	1.964000	1.469494
0.038940	1.960000	1.469494
0.038960	1.960000	1.469494
0.038980	1.960000	1.469294
0.039000	1.960000	1.469494
0.039020	1.956000	1.469494
0.039040	1.956000	1.469494
0.039060	1.956000	1.469494
0.039080	1.956000	1.469494
0.039100	1.952000	1.469694
0.039120	1.952000	1.469694
0.039140	1.952000	1.469894
0.039160	1.952000	1.470094
0.039180	1.952000	1.470094
0.039200	1.948000	1.470094
0.039220	1.948000	1.470294
0.039240	1.948000	1.470494
0.039260	1.948000	1.470494
0.039280	1.948000	1.470694
0.039300	1.944000	1.470694
0.039320	1.944000	1.470894
0.039340	1.944000	1.471094
0.039360	1.944000	1.471294
0.039380	1.940000	1.471494
0.039400	1.940000	1.471494
0.039420	1.940000	1.471694
0.039440	1.940000	1.471694
0.039460	1.940000	1.471894
0.039480	1.936000	1.472094
0.039500	1.936000	1.472294
0.039520	1.932000	1.472494
0.039540	1.936000	1.472494
0.039560	1.936000	1.472494
0.039580	1.932000	1.472694
0.039600	1.932000	1.473094
0.039620	1.932000	1.473094
0.039640	1.932000	1.473094
0.039660	1.928000	1.473294
0.039680	1.928000	1.473494
0.039700	1.928000	1.473694
0.039720	1.928000	1.473694
0.039740	1.928000	1.473894
0.039760	1.928000	1.474094
0.039780	1.928000	1.474294
0.039800	1.924000	1.474294
0.039820	1.924000	1.474294
0.039840	1.924000	1.474494
0.039860	1.924000	1.474894
0.039880	1.920000	1.474694
0.039900	1.920000	1.474894
0.039920	1.920000	1.475094
0.039940	1.920000	1.475294
0.039960	1.920000	1.475294
0.039980	1.916000	1.475294
0.040000	1.916000	1.475694
0.040020	1.916000	1.475894
0.040040	1.916000	1.476094
0.040060	1.916000	1.476094
0.040080	1.912000	1.476094
0.040100	1.912000	1.476094
0.040120	1.912000	1.476294
0.040140	1.912000	1.476494
0.040160	1.912000	1.476695
0.040180	1.912000	1.476895
0.040200	1.912000	1.476895
0.040220	1.912000	1.477095
0.040240	1.912000	1.477095
0.040260	1.912000	1.477295
0.040280	1.912000	1.477295
0.040300	1.908000	1.477295
0.040320	1.908000	1.477495
0.040340	1.908000	1.477695
0.040360	1.908000	1.477895
0.040380	1.908000	1.477895
0.040400	1.908000	1.478095
0.040420	1.904000	1.478095
0.040440	1.904000	1.478295
0.040460	1.904000	1.478095
0.040480	1.904000	1.478495
0.040500	1.904000	1.478495
0.040520	1.904000	1.478495
0.040540	1.900000	1.478695
0.040560	1.904000	1.478895
0.040580	1.900000	1.478895
0.040600	1.900000	1.478895
0.040620	1.900000	1.479095
0.040640	1.900000	1.479495
0.040660	1.896000	1.479695
0.040680	1.896000	1.479495
0.040700	1.896000	1.479695
0.040720	1.896000	1.479895
0.040740	1.896000	1.479695
0.040760	1.896000	1.479895
0.040780	1.896000	1.479895
0.040800	1.892000	1.480095
0.040820	1.892000	1.480095
0.040840	1.892000	1.480295
0.040860	1.892000	1.480295
0.040880	1.892000	1.480495
0.040900	1.892000	1.480695
0.040920	1.892000	1.480695
0.040940	1.892000	1.480895
0.040960	1.892000	1.480895
0.040980	1.888000	1.481095
0.041000	1.892000	1.481095
0.041020	1.888000	1.481095
0.041040	1.888000	1.481295
0.041060	1.888000	1.481295
0.041080	1.888000	1.481295
0.041100	1.888000	1.481495
0.041120	1.888000	1.481695
0.041140	1.884000	1.481695
0.041160	1.884000	1.481895
0.041180	1.888000	1.481895
0.041200	1.884000	1.482095
0.041220	1.884000	1.482095
0.041240	1.884000	1.482095
0.041260	1.884000	1.482295
0.041280	1.884000	1.482295
0.041300	1.884000	1.482495
0.041320	1.884000	1.482495
0.041340	1.880000	1.482495
0.041360	1.880000	1.482695
0.041380	1.880000	1.482895
0.041400	1.880000	1.482695
0.041420	1.880000	1.482895
0.041440	1.880000	1.483095
0.041460	1.880000	1.483095
0.041480	1.880000	1.483295
0.041500	1.880000	1.483095
0.041520	1.876000	1.483295
0.041540	1.880000	1.483495
0.041560	1.876000	1.483295
0.041580	1.876000	1.483495
0.041600	1.876000	1.483695
0.041620	1.876000	1.483695
0.041640	1.876000	1.483895
0.041660	1.876000	1.483695
0.041680	1.876000	1.483895
0.041700	1.876000	1.483895
0.041720	1.876000	1.484095
0.041740	1.876000	1.484095
0.041760	1.872000	1.483895
0.041780	1.872000	1.484295
0.041800	1.872000	1.484295
0.041820	1.872000	1.484295
0.041840	1.872000	1.484295
0.041860	1.872000	1.484495
0.041880	1.872000	1.484495
0.041900	1.872000	1.484695
0.041920	1.868000	1.484695
0.041940	1.872000	1.484695
0.041960	1.872000	1.484895
0.041980	1.868000	1.485095
0.042000	1.868000	1.485095
0.042020	1.868000	1.485095
0.042040	1.868000	1.485095
0.042060	1.868000	1.485295
0.042080	1.868000	1.485295
0.042100	1.868000	1.485295
0.042120	1.868000	1.485495
0.042140	1.868000	1.485295
0.042160	1.868000	1.485495
0.042180	1.868000	1.485695
0.042200	1.868000	1.485695
0.042220	1.864000	1.485695
0.042240	1.868000	1.485695
0.042260	1.864000	1.485695
0.042280	1.864000	1.485895
0.042300	1.864000	1.485895
0.042320	1.864000	1.485895
0.042340	1.864000	1.486095
0.042360	1.864000	1.486095
0.042380	1.864000	1.486295
0.042400	1.864000	1.486295
0.042420	1.860000	1.486295
0.042440	1.864000	1.486295
0.042460	1.864000	1.486295
0.042480	1.864000	1.486495
0.042500	1.860000	1.486495
0.042520	1.860000	1.486495
0.042540	1.860000	1.486495
0.042560	1.860000	1.486895
0.042580	1.860000	1.486695
0.042600	1.860000	1.486895
0.042620	1.860000	1.486895
0.042640	1.860000	1.486895
0.042660	1.860000	1.486895
0.042680	1.860000	1.487095
0.042700	1.860000	1.487295
0.042720	1.856000	1.487095
0.042740	1.856000	1.487295
0.042760	1.856000	1.487295
0.042780	1.856000	1.487295
0.042800	1.856000	1.487295
0.042820	1.856000	1.487495
0.042840	1.856000	1.487495
0.042860	1.856000	1.487495
0.042880	1.856000	1.487695
0.042900	1.856000	1.487695
0.042920	1.856000	1.487495
0.042940	1.856000	1.487695
0.042960	1.856000	1.487895
0.042980	1.856000	1.487895
0.043000	1.856000	1.487895
0.043020	1.852000	1.487895
0.043040	1.852000	1.488095
0.043060	1.852000	1.488095
0.043080	1.852000	1.488095
0.043100	1.852000	1.488295
0.043120	1.852000	1.488095
0.043140	1.852000	1.488095
0.043160	1.852000	1.488295
0.043180	1.852000	1.488295
0.043200	1.852000	1.488295
0.043220	1.852000	1.488295
0.043240	1.852000	1.488295
0.043260	1.852000	1.488495
0.043280	1.852000	1.488495
0.043300	1.848000	1.488495
0.043320	1.848000	1.488695
0.043340	1.848000	1.488695
0.043360	1.848000	1.488695
0.043380	1.848000	1.488695
0.043400	1.848000	1.488895
0.043420	1.848000	1.488695
0.043440	1.848000	1.488895
0.043460	1.848000	1.488895
0.043480	1.848000	1.488895
0.043500	1.848000	1.489095
0.043520	1.848000	1.489095
0.043540	1.848000	1.488895
0.043560	1.848000	1.489095
0.043580	1.848000	1.489095
0.043600	1.848000	1.489295
0.043620	1.848000	1.489295
0.043640	1.844000	1.489295
0.043660	1.844000	1.489295
0.043680	1.848000	1.489495
0.043700	1.848000	1.489295
0.043720	1.848000	1.489295
0.043740	1.848000	1.489695
0.043760	1.844000	1.489695
0.043780	1.844000	1.489495
0.043800	1.844000	1.489695
0.043820	1.844000	1.489495
0.043840	1.844000	1.489495
0.043860	1.844000	1.489495
0.043880	1.844000	1.489695
0.043900	1.844000	1.489895
0.043920	1.844000	1.490095
0.043940	1.844000	1.490095
0.043960	1.844000	1.490095
0.043980	1.844000	1.490295
0.044000	1.844000	1.490095
0.044020	1.844000	1.489895
0.044040	1.844000	1.489895
0.044060	1.844000	1.490095
0.044080	1.844000	1.490095
0.044100	1.840000	1.490295
0.044120	1.844000	1.490095
0.044140	1.844000	1.490295
0.044160	1.840000	1.490295
0.044180	1.844000	1.490295
0.044200	1.840000	1.490295
0.044220	1.840000	1.490295
0.044240	1.844000	1.490495
0.044260	1.840000	1.490295
0.044280	1.844000	1.490495
0.044300	1.840000	1.490295
0.044320	1.840000	1.490695
0.044340	1.844000	1.490495
0.044360	1.840000	1.490695
0.044380	1.844000	1.490895
0.044400	1.840000	1.490895
0.044420	1.840000	1.490695
0.044440	1.840000	1.490895
0.044460	1.840000	1.491095
0.044480	1.840000	1.490895
0.044500	1.840000	1.490695
0.044520	1.840000	1.490895
0.044540	1.840000	1.490895
0.044560	1.840000	1.491095
0.044580	1.840000	1.491095
0.044600	1.840000	1.491095
0.044620	1.840000	1.491295
0.044640	1.840000	1.491095
0.044660	1.840000	1.491095
0.044680	1.840000	1.491095
0.044700	1.840000	1.491295
0.044720	1.836000	1.491295
0.044740	1.840000	1.491095
0.044760	1.840000	1.491095
0.044780	1.840000	1.491295
0.044800	1.836000	1.491295
0.044820	1.520000	1.491295
0.044840	1.244000	1.491495
0.044860	1.244000	1.491495
0.044880	1.244000	1.491695
0.044900	1.244000	1.491495
0.044920	1.244000	1.491495
0.044940	1.244000	1.491695
0.044960	1.244000	1.491695
0.044980	1.244000	1.491695
0.045000	1.244000	1.491695
0.045020	1.244000	1.491695
0.045040	1.244000	1.491695
0.045060	1.244000	1.492095
0.045080	1.244000	1.491895
0.045100	1.244000	1.492095
0.045120	1.244000	1.491895
0.045140	1.244000	1.491895
0.045160	1.244000	1.491895
0.045180	1.244000	1.492095
0.045200	1.244000	1.491895
0.045220	1.244000	1.492095
0.045240	1.244000	1.492095
0.045260	1.244000	1.492095
0.045280	1.244000	1.492095
0.045300	1.244000	1.492095
0.045320	1.244000	1.492095
0.045340	1.244000	1.492095
0.045360	1.244000	1.492095
0.045380	1.244000	1.492095
0.045400	1.244000	1.492095
0.045420	1.244000	1.492296
0.045440	1.244000	1.492296
0.045460	1.244000	1.492296
0.045480	1.244000	1.492496
0.045500	1.244000	1.492296
0.045520	1.244000	1.492296
0.045540	1.244000	1.492496
0.045560	1.244000	1.492296
0.045580	1.244000	1.492296
0.045600	1.244000	1.492496
0.045620	1.244000	1.492496
0.045640	1.244000	1.492496
0.045660	1.244000	1.492496
0.045680	1.244000	1.492296
0.045700	1.244000	1.492496
0.045720	1.244000	1.492496
0.045740	1.244000	1.492496
0.045760	1.244000	1.492496
0.045780	1.244000	1.492696
0.045800	1.244000	1.492496
0.045820	1.244000	1.492696
0.045840	1.244000	1.492696
0.045860	1.244000	1.492496
0.045880	1.244000	1.492496
0.045900	1.244000	1.492696
0.045920	1.244000	1.492896
0.045940	1.244000	1.492696
0.045960	1.244000	1.492496
0.045980	1.244000	1.492696
0.046000	1.244000	1.492896
0.046020	1.244000	1.492696
0.046040	1.244000	1.492696
0.046060	1.244000	1.492896
0.046080	1.244000	1.492696
0.046100	1.244000	1.492896
0.046120	1.244000	1.492696
0.046140	1.244000	1.492696
0.046160	1.244000	1.492696
0.046180	1.244000	1.492696
0.046200	1.244000	1.492696
0.046220	1.244000	1.492896
0.046240	1.244000	1.492896
0.046260	1.244000	1.492896
0.046280	1.244000	1.492696
0.046300	1.244000	1.492496
0.046320	1.244000	1.492696
0.046340	1.244000	1.492696
0.046360	1.244000	1.492496
0.046380	1.244000	1.492696
0.046400	1.244000	1.492696
0.046420	1.244000	1.492696
0.046440	1.244000	1.492696
0.046460	1.244000	1.492496
0.046480	1.244000	1.492496
0.046500	1.244000	1.492296
0.046520	1.244000	1.492496
0.046540	1.244000	1.492296
0.046560	1.244000	1.492296
0.046580	1.244000	1.492296
0.046600	1.244000	1.492095
0.046620	1.244000	1.491895
0.046640	1.244000	1.491695
0.046660	1.244000	1.491695
0.046680	1.244000	1.491495
0.046700	1.244000	1.491095
0.046720	1.244000	1.490895
0.046740	1.244000	1.490895
0.046760	1.244000	1.490495
0.046780	1.244000	1.490095
0.046800	1.244000	1.489895
0.046820	1.244000	1.489295
0.046840	1.244000	1.488895
0.046860	1.244000	1.488095
0.046880	1.244000	1.487095
0.046900	1.244000	1.486495
0.046920	1.244000	1.485495
0.046940	1.244000	1.484095
0.046960	1.244000	1.482895
0.046980	1.244000	1.481495
0.047000	1.244000	1.480095
0.047020	1.244000	1.478495
0.047040	1.244000	1.477295
0.047060	1.244000	1.475694
0.047080	1.244000	1.474294
0.047100	1.244000	1.473094
0.047120	1.244000	1.472094
0.047140	1.244000	1.471294
0.047160	1.244000	1.470694
0.047180	1.244000	1.470094
0.047200	1.244000	1.469894
0.047220	1.244000	1.469494
0.047240	1.244000	1.469494
0.047260	1.244000	1.469294
0.047280	1.244000	1.469094
0.047300	1.244000	1.469294
0.047320	1.244000	1.469294
0.047340	1.244000	1.469294
0.047360	1.244000	1.469294
0.047380	1.244000	1.469494
0.047400	1.244000	1.469494
0.047420	1.244000	1.469494
0.047440	1.244000	1.469694
0.047460	1.244000	1.469894
0.047480	1.244000	1.469894
0.047500	1.244000	1.470094
0.047520	1.244000	1.470094
0.047540	1.244000	1.470294
0.047560	1.244000	1.470494
0.047580	1.244000	1.470494
0.047600	1.244000	1.470694
0.047620	1.244000	1.470894
0.047640	1.244000	1.470894
0.047660	1.244000	1.471094
0.047680	1.244000	1.471294
0.047700	1.244000	1.471494
0.047720	1.244000	1.471494
0.047740	1.244000	1.471894
0.047760	1.244000	1.471894
0.047780	1.244000	1.471894
0.047800	1.244000	1.471894
0.047820	1.244000	1.472294
0.047840	1.244000	1.472494
0.047860	1.244000	1.472694
0.047880	1.244000	1.472694
0.047900	1.244000	1.472894
0.047920	1.244000	1.473094
0.047940	1.244000	1.473094
0.047960	1.244000	1.473294
0.047980	1.244000	1.473494
0.048000	1.244000	1.473694
0.048020	1.244000	1.473694
0.048040	1.244000	1.473894
0.048060	1.244000	1.474094
0.048080	1.244000	1.474094
0.048100	1.244000	1.474294
0.048120	1.244000	1.474494
0.048140	1.244000	1.474894
0.048160	1.244000	1.474694
0.048180	1.244000	1.474694
0.048200	1.244000	1.474894
0.048220	1.244000	1.475094
0.048240	1.244000	1.475494
0.048260	1.244000	1.475294
0.048280	1.244000	1.475694
0.048300	1.244000	1.475694
0.048320	1.244000	1.475894
0.048340	1.244000	1.475894
0.048360	1.244000	1.476294
0.048380	1.244000	1.476094
0.048400	1.244000	1.476294
0.048420	1.244000	1.476494
0.048440	1.244000	1.476695
0.048460	1.244000	1.476494
0.048480	1.244000	1.476695
0.048500	1.244000	1.476895
0.048520	1.244000	1.477095
0.048540	1.244000	1.477095
0.048560	1.244000	1.477295
0.048580	1.244000	1.477295
0.048600	1.244000	1.477495
0.048620	1.244000	1.477695
0.048640	1.244000	1.477695
0.048660	1.244000	1.477895
0.048680	1.244000	1.477895
0.048700	1.244000	1.477895
0.048720	1.244000	1.478295
0.048740	1.244000	1.478095
0.048760	1.244000	1.478495
0.048780	1.244000	1.478495
0.048800	1.244000	1.478695
0.048820	1.244000	1.478895
0.048840	1.244000	1.478895
0.048860	1.244000	1.478895
0.048880	1.244000	1.478895
0.048900	1.244000	1.479095
0.048920	1.244000	1.479295
0.048940	1.244000	1.479695
0.048960	1.244000	1.479695
0.048980	1.244000	1.479695
0.049000	1.244000	1.479695
0.049020	1.244000	1.479895
0.049040	1.244000	1.479895
0.049060	1.244000	1.480095
0.049080	1.244000	1.480095
0.049100	1.244000	1.480095
0.049120	1.244000	1.480295
0.049140	1.244000	1.480295
0.049160	1.244000	1.480495
0.049180	1.244000	1.480695
0.049200	1.244000	1.480695
0.049220	1.244000	1.480895
0.049240	1.244000	1.480895
0.049260	1.244000	1.481095
0.049280	1.244000	1.481095
0.049300	1.244000	1.481095
0.049320	1.244000	1.481495
0.049340	1.244000	1.481495
0.049360	1.244000	1.481495
0.049380	1.244000	1.481495
0.049400	1.244000	1.481695
0.049420	1.244000	1.481695
0.049440	1.244000	1.481895
0.049460	1.244000	1.482095
0.049480	1.244000	1.482095
0.049500	1.244000	1.482295
0.049520	1.244000	1.482495
0.049540	1.244000	1.482295
0.049560	1.244000	1.482295
0.049580	1.244000	1.482495
0.049600	1.244000	1.482495
0.049620	1.244000	1.482695
0.049640	1.244000	1.482695
0.049660	1.244000	1.482695
0.049680	1.244000	1.482895
0.049700	1.244000	1.482695
0.049720	1.244000	1.483095
0.049740	1.244000	1.483295
0.049760	1.244000	1.483295
0.049780	1.244000	1.483295
0.049800	1.244000	1.483495
0.049820	1.244000	1.483495
0.049840	1.244000	1.483695
0.049860	1.244000	1.483495
0.049880	1.244000	1.483695
0.049900	1.244000	1.483695
0.049920	1.244000	1.483695
0.049940	1.244000	1.483895
0.049960	1.244000	1.484095
0.049980	1.244000	1.484095
