0.000000	2.480000	1.403890
0.000400	2.480000	1.403890
0.000800	2.480000	1.404290
0.001200	2.480000	1.404090
0.001600	2.480000	1.404290
0.002000	2.480000	1.404090
0.002400	2.480000	1.404290
0.002800	2.480000	1.404090
0.003200	2.480000	1.403890
0.003600	2.480000	1.404290
0.004000	2.480000	1.404090
0.004400	2.480000	1.404490
0.004800	2.480000	1.403890
0.005200	2.480000	1.404490
0.005600	2.480000	1.404290
0.006000	2.480000	1.403890
0.006400	2.480000	1.404090
0.006800	2.480000	1.403690
0.007200	2.480000	1.403890
0.007600	2.480000	1.403890
0.008000	2.480000	1.404090
0.008400	2.480000	1.404290
0.008800	2.480000	1.403890
0.009200	2.480000	1.404290
0.009600	2.480000	1.403690
0.010000	2.560000	1.404290
0.010400	2.560000	1.404090
0.010800	2.560000	1.404090
0.011200	2.560000	1.403890
0.011600	2.560000	1.403890
0.012000	2.560000	1.404490
0.012400	2.560000	1.404490
0.012800	2.560000	1.404290
0.013200	2.560000	1.404090
0.013600	2.560000	1.404290
0.014000	2.560000	1.404490
0.014400	2.560000	1.404490
0.014800	2.560000	1.404290
0.015200	2.560000	1.404290
0.015600	2.560000	1.404490
0.016000	-2.960000	1.404290
0.016400	-2.880000	1.403890
0.016800	-2.800000	1.402890
0.017200	-2.720000	1.401690
0.017600	-2.720000	1.401490
0.018000	-2.720000	1.391889
0.018400	-2.640000	1.370888
0.018800	-2.640000	1.373088
0.019200	-2.640000	1.376088
0.019600	-2.560000	1.378888
0.020000	-2.560000	1.381888
0.020400	-2.560000	1.383889
0.020800	-2.560000	1.386089
0.021200	-2.560000	1.387289
0.021600	-2.480000	1.388889
0.022000	-2.480000	1.390489
0.022400	-2.480000	1.391489
0.022800	-2.480000	1.392689
0.023200	-2.480000	1.393689
0.023600	-2.480000	1.394689
0.024000	-2.480000	1.395489
0.024400	-2.480000	1.396089
0.024800	-2.400000	1.396689
0.025200	-2.400000	1.397489
0.025600	-2.480000	1.397689
0.026000	-2.400000	1.398089
0.026400	-2.400000	1.398890
0.026800	-2.400000	1.399290
0.027200	-2.400000	1.399490
0.027600	-2.400000	1.400290
0.028000	-2.400000	1.400090
0.028400	-2.400000	1.401290
0.028800	-2.400000	1.400690
0.029200	-2.400000	1.401290
0.029600	-2.400000	1.401890
0.030000	-2.400000	1.401690
0.030400	-2.320000	1.401690
0.030800	-2.400000	1.401890
0.031200	-2.400000	1.402090
0.031600	-2.320000	1.402490
0.032000	-2.400000	1.402490
0.032400	-2.400000	1.402690
0.032800	-2.320000	1.402490
0.033200	-2.320000	1.402890
0.033600	-2.320000	1.402690
0.034000	-2.320000	1.402890
0.034400	-2.320000	1.403290
0.034800	-2.320000	1.403290
0.035200	-2.320000	1.403290
0.035600	-2.320000	1.403290
0.036000	-2.320000	1.403090
0.036400	-2.320000	1.403490
0.036800	-2.320000	1.403690
0.037200	-2.320000	1.403690
0.037600	-2.320000	1.403690
0.038000	-2.320000	1.403890
0.038400	-2.320000	1.403690
0.038800	-2.320000	1.403490
0.039200	-2.320000	1.403890
0.039600	-2.320000	1.403890
0.040000	-2.320000	1.404090
0.040400	-2.320000	1.403690
0.040800	-2.320000	1.403890
0.041200	-2.320000	1.404090
0.041600	-2.320000	1.403490
0.042000	-2.320000	1.403890
0.042400	-2.320000	1.403690
0.042800	-2.320000	1.404090
0.043200	-2.320000	1.403690
0.043600	-2.320000	1.404090
0.044000	-2.320000	1.404090
0.044400	-2.320000	1.404090
0.044800	-2.320000	1.404490
0.045200	-2.320000	1.403890
0.045600	-2.320000	1.404090
0.046000	-2.320000	1.403690
0.046400	-2.320000	1.404090
0.046800	-2.320000	1.404290
0.047200	-2.320000	1.403890
0.047600	-2.320000	1.404090
0.048000	-2.320000	1.404290
0.048400	-2.320000	1.404290
0.048800	-2.320000	1.404290
0.049200	-2.320000	1.403890
0.049600	-2.320000	1.404290
0.050000	-2.320000	1.404290
0.050400	-2.320000	1.404490
0.050800	-2.320000	1.404290
0.051200	-2.320000	1.404290
0.051600	-2.320000	1.404090
0.052000	-2.240000	1.404090
0.052400	-2.320000	1.404490
0.052800	-2.240000	1.404290
0.053200	-2.240000	1.404290
0.053600	-2.240000	1.404490
0.054000	-2.240000	1.404290
0.054400	-2.320000	1.404290
0.054800	-2.240000	1.404290
0.055200	-2.240000	1.403890
0.055600	-2.240000	1.404490
0.056000	-2.240000	1.404090
0.056400	-2.240000	1.404690
0.056800	-2.240000	1.404090
0.057200	-2.240000	1.404490
0.057600	-2.240000	1.404490
0.058000	-2.240000	1.404090
0.058400	-2.240000	1.404290
0.058800	-2.240000	1.404090
0.059200	-2.240000	1.404490
0.059600	-2.240000	1.404290
0.060000	-2.240000	1.404290
0.060400	-2.240000	1.404290
0.060800	-2.240000	1.404090
0.061200	-2.240000	1.404490
0.061600	-2.240000	1.404290
0.062000	-2.240000	1.404490
0.062400	-2.240000	1.404690
0.062800	-2.240000	1.404090
0.063200	-2.240000	1.404690
0.063600	-2.240000	1.404490
0.064000	-2.240000	1.404090
0.064400	-2.240000	1.404490
0.064800	-2.240000	1.404090
0.065200	-2.160000	1.404490
0.065600	-2.240000	1.404490
0.066000	-2.160000	1.404490
0.066400	-2.240000	1.404290
0.066800	-2.160000	1.404290
0.067200	-2.160000	1.404090
0.067600	-2.160000	1.404290
0.068000	-2.160000	1.404490
0.068400	-2.160000	1.404090
0.068800	-2.160000	1.404690
0.069200	-2.160000	1.404290
0.069600	-2.160000	1.404490
0.070000	-2.160000	1.404290
0.070400	-2.160000	1.404290
0.070800	-2.160000	1.404290
0.071200	-2.160000	1.404090
0.071600	-2.160000	1.404290
0.072000	-2.160000	1.404290
0.072400	-2.160000	1.404690
0.072800	-2.160000	1.404290
0.073200	-2.160000	1.404090
0.073600	-2.160000	1.404290
0.074000	-2.160000	1.404290
0.074400	-2.160000	1.404090
0.074800	-2.160000	1.404690
0.075200	-2.160000	1.404290
0.075600	-2.160000	1.404290
0.076000	-2.160000	1.404090
0.076400	-2.160000	1.404290
0.076800	-2.160000	1.404090
0.077200	-2.160000	1.404090
0.077600	-2.160000	1.404090
0.078000	-2.160000	1.404290
0.078400	-2.160000	1.404490
0.078800	-2.160000	1.403890
0.079200	-2.160000	1.404490
0.079600	-2.160000	1.404090
0.080000	-2.160000	1.404490
0.080400	-2.160000	1.404490
0.080800	-2.160000	1.404290
0.081200	-2.080000	1.404290
0.081600	-2.160000	1.404090
0.082000	-2.080000	1.403890
0.082400	-2.080000	1.404090
0.082800	-2.080000	1.404090
0.083200	-2.160000	1.404090
0.083600	-2.080000	1.404490
0.084000	-2.080000	1.403890
0.084400	-2.080000	1.404290
0.084800	-2.080000	1.404090
0.085200	-2.080000	1.404490
0.085600	-2.080000	1.404090
0.086000	-2.080000	1.404290
0.086400	-2.080000	1.404490
0.086800	-2.080000	1.404090
0.087200	-2.080000	1.404290
0.087600	-2.080000	1.403690
0.088000	-2.080000	1.404290
0.088400	-2.080000	1.403890
0.088800	-2.080000	1.403890
0.089200	-2.080000	1.404090
0.089600	-2.080000	1.404090
0.090000	-2.080000	1.404090
0.090400	-2.080000	1.404090
0.090800	-2.080000	1.403690
0.091200	-2.080000	1.403890
0.091600	-2.080000	1.403890
0.092000	-2.080000	1.404090
0.092400	-2.080000	1.403890
0.092800	-2.080000	1.403890
0.093200	-2.080000	1.404090
0.093600	-2.080000	1.404090
0.094000	-2.080000	1.404290
0.094400	-2.080000	1.404090
0.094800	-2.080000	1.404490
0.095200	-2.000000	1.404290
0.095600	-2.000000	1.404090
0.096000	-2.080000	1.404090
0.096400	-2.000000	1.404090
0.096800	-2.080000	1.403890
0.097200	-2.000000	1.403690
0.097600	-2.000000	1.404090
0.098000	-2.000000	1.404090
0.098400	-2.000000	1.403890
0.098800	-2.000000	1.403890
0.099200	-2.000000	1.403890
0.099600	-2.000000	1.404090
0.100000	-2.000000	1.404090
0.100400	-2.000000	1.404090
0.100800	-2.000000	1.404290
0.101200	-2.000000	1.403690
0.101600	-2.000000	1.404490
0.102000	-2.000000	1.403690
0.102400	-2.000000	1.403890
0.102800	-2.000000	1.404290
0.103200	-2.000000	1.404090
0.103600	-2.000000	1.404090
0.104000	-2.000000	1.404090
0.104400	-2.000000	1.404290
0.104800	-2.000000	1.404090
0.105200	-2.000000	1.403890
0.105600	-2.000000	1.404090
0.106000	-2.000000	1.403890
0.106400	-2.000000	1.403890
0.106800	-2.000000	1.403890
0.107200	-2.000000	1.404090
0.107600	-2.000000	1.403890
0.108000	-2.000000	1.404090
0.108400	-2.000000	1.404290
0.108800	-2.000000	1.404090
0.109200	-2.000000	1.404490
0.109600	-2.000000	1.403690
0.110000	-2.000000	1.403890
0.110400	-2.000000	1.403890
0.110800	-2.000000	1.403490
0.111200	-2.000000	1.403890
0.111600	-2.000000	1.403690
0.112000	-2.000000	1.404290
0.112400	-1.920000	1.403690
0.112800	-1.920000	1.403890
0.113200	-2.000000	1.404090
0.113600	-2.000000	1.403890
0.114000	-2.000000	1.404090
0.114400	-1.920000	1.403890
0.114800	-2.000000	1.404090
0.115200	-2.000000	1.404090
0.115600	-1.920000	1.403890
0.116000	-1.920000	1.404290
0.116400	-1.920000	1.404090
0.116800	-1.920000	1.403890
0.117200	-1.920000	1.403690
0.117600	-1.920000	1.404090
0.118000	-1.920000	1.404290
0.118400	-1.920000	1.403690
0.118800	-1.920000	1.403890
0.119200	-1.920000	1.404090
0.119600	-1.920000	1.404090
0.120000	-1.920000	1.404290
0.120400	-1.920000	1.403490
0.120800	-1.920000	1.404090
0.121200	-1.920000	1.404290
0.121600	-1.920000	1.404090
0.122000	-1.920000	1.404090
0.122400	-1.920000	1.403890
0.122800	-1.920000	1.404090
0.123200	-1.920000	1.403890
0.123600	-1.920000	1.403890
0.124000	-1.920000	1.404090
0.124400	-1.840000	1.404290
0.124800	-1.920000	1.404090
0.125200	-1.920000	1.404090
0.125600	-1.920000	1.403890
0.126000	-1.840000	1.403890
0.126400	-1.840000	1.403490
0.126800	-1.920000	1.403890
0.127200	-1.840000	1.404090
0.127600	-1.920000	1.403890
0.128000	-1.840000	1.404490
0.128400	-1.840000	1.403890
0.128800	-1.840000	1.403690
0.129200	-1.840000	1.403490
0.129600	-1.840000	1.404090
0.130000	-1.840000	1.403690
0.130400	-1.840000	1.403890
0.130800	-1.840000	1.404090
0.131200	-1.840000	1.403690
0.131600	-1.840000	1.403690
0.132000	-1.840000	1.403690
0.132400	-1.840000	1.403690
0.132800	-1.840000	1.404290
0.133200	-1.840000	1.404090
0.133600	-1.840000	1.403690
0.134000	-1.840000	1.403690
0.134400	-1.840000	1.403890
0.134800	-1.840000	1.403690
0.135200	-1.840000	1.404090
0.135600	-1.840000	1.403490
0.136000	-1.840000	1.404090
0.136400	-1.840000	1.404090
0.136800	-1.840000	1.403890
0.137200	-1.840000	1.404090
0.137600	-1.840000	1.403890
0.138000	-1.840000	1.403890
0.138400	-1.840000	1.403890
0.138800	-1.840000	1.403690
0.139200	-1.840000	1.403890
0.139600	-1.840000	1.403890
0.140000	-1.840000	1.403890
0.140400	-1.840000	1.403690
0.140800	-1.840000	1.404090
0.141200	-1.840000	1.403690
0.141600	-1.760000	1.403890
0.142000	-1.840000	1.404290
0.142400	-1.760000	1.403690
0.142800	-1.840000	1.404090
0.143200	-1.840000	1.403890
0.143600	-1.840000	1.403490
0.144000	-1.760000	1.404290
0.144400	-1.760000	1.403490
0.144800	-1.840000	1.404090
0.145200	-1.760000	1.403490
0.145600	-1.760000	1.403690
0.146000	-1.760000	1.403890
0.146400	-1.760000	1.403690
0.146800	-1.760000	1.403890
0.147200	-1.760000	1.403690
0.147600	-1.760000	1.403490
0.148000	-1.760000	1.403890
0.148400	-1.760000	1.403890
0.148800	-1.760000	1.404090
0.149200	-1.760000	1.403690
0.149600	-1.760000	1.403890
0.150000	-1.760000	1.403890
0.150400	-1.760000	1.403690
0.150800	-1.760000	1.403890
0.151200	-1.760000	1.403490
0.151600	-1.760000	1.403690
0.152000	-1.760000	1.403890
0.152400	-1.760000	1.403890
0.152800	-1.760000	1.403890
0.153200	-1.760000	1.403890
0.153600	-1.760000	1.403890
0.154000	-1.760000	1.403890
0.154400	-1.760000	1.403690
0.154800	-1.760000	1.403890
0.155200	-1.760000	1.403490
0.155600	-1.680000	1.403690
0.156000	-1.760000	1.403690
0.156400	-1.760000	1.403690
0.156800	-1.760000	1.403690
0.157200	-1.760000	1.403690
0.157600	-1.680000	1.404090
0.158000	-1.680000	1.403490
0.158400	-1.680000	1.403890
0.158800	-1.680000	1.403890
0.159200	-1.680000	1.403690
0.159600	-1.680000	1.403290
0.160000	-1.680000	1.403490
0.160400	-1.680000	1.403690
0.160800	-1.680000	1.403690
0.161200	-1.680000	1.404090
0.161600	-1.680000	1.403690
0.162000	-1.680000	1.403890
0.162400	-1.680000	1.403890
0.162800	-1.680000	1.404090
0.163200	-1.680000	1.403890
0.163600	-1.680000	1.403690
0.164000	-1.680000	1.403890
0.164400	-1.680000	1.403690
0.164800	-1.680000	1.403890
0.165200	-1.680000	1.403490
0.165600	-1.680000	1.403690
0.166000	-1.680000	1.404090
0.166400	-1.680000	1.403690
0.166800	-1.680000	1.403890
0.167200	-1.680000	1.403490
0.167600	-1.680000	1.403490
0.168000	-1.680000	1.403890
0.168400	-1.680000	1.403690
0.168800	-1.680000	1.403890
0.169200	-1.680000	1.403290
0.169600	-1.680000	1.403690
0.170000	-1.680000	1.404090
0.170400	-1.680000	1.403490
0.170800	-1.680000	1.403690
0.171200	-1.680000	1.403690
0.171600	-1.680000	1.403690
0.172000	-1.680000	1.404090
0.172400	-1.680000	1.403690
0.172800	-1.680000	1.404090
0.173200	-1.680000	1.403890
0.173600	-1.680000	1.403890
0.174000	-1.680000	1.403490
0.174400	-1.680000	1.403690
0.174800	-1.680000	1.403890
0.175200	-1.600000	1.403690
0.175600	-1.680000	1.403690
0.176000	-1.680000	1.403690
0.176400	-1.600000	1.403490
0.176800	-1.600000	1.404090
0.177200	-1.600000	1.403490
0.177600	-1.600000	1.403890
0.178000	-1.600000	1.403890
0.178400	-1.600000	1.403690
0.178800	-1.600000	1.403690
0.179200	-1.600000	1.403690
0.179600	-1.600000	1.403290
0.180000	-1.600000	1.403690
0.180400	-1.600000	1.403690
0.180800	-1.600000	1.403490
0.181200	-1.600000	1.403490
0.181600	-1.600000	1.403690
0.182000	-1.600000	1.403690
0.182400	-1.600000	1.403690
0.182800	-1.600000	1.403690
0.183200	-1.600000	1.403890
0.183600	-1.600000	1.403490
0.184000	-1.600000	1.403490
0.184400	-1.600000	1.404090
0.184800	-1.600000	1.403690
0.185200	-1.600000	1.403890
0.185600	-1.600000	1.403890
0.186000	-1.600000	1.403690
0.186400	-1.600000	1.403490
0.186800	-1.600000	1.403690
0.187200	-1.520000	1.403690
0.187600	-1.600000	1.403290
0.188000	-1.600000	1.403690
0.188400	-1.600000	1.403690
0.188800	-1.520000	1.403490
0.189200	-1.600000	1.403690
0.189600	-1.520000	1.403490
0.190000	-1.520000	1.403690
0.190400	-1.520000	1.403890
0.190800	-1.600000	1.403490
0.191200	-1.600000	1.403890
0.191600	-1.520000	1.403690
0.192000	-1.600000	1.403690
0.192400	-1.520000	1.403290
0.192800	-1.520000	1.403690
0.193200	-1.520000	1.403490
0.193600	-1.520000	1.403490
0.194000	-1.520000	1.404090
0.194400	-1.520000	1.403490
0.194800	-1.520000	1.403490
0.195200	-1.520000	1.403690
0.195600	-1.520000	1.403490
0.196000	-1.520000	1.403690
0.196400	-1.520000	1.403490
0.196800	-1.520000	1.403490
0.197200	-1.520000	1.403290
0.197600	-1.520000	1.403690
0.198000	-1.520000	1.403690
0.198400	-1.520000	1.403490
0.198800	-1.520000	1.403690
0.199200	-1.520000	1.403490
0.199600	-1.520000	1.403290
0.200000	-1.520000	1.403690
0.200400	-1.520000	1.403290
0.200800	-1.520000	1.403490
0.201200	-1.520000	1.403090
0.201600	-1.440000	1.403490
0.202000	-1.520000	1.403290
0.202400	-1.520000	1.403490
0.202800	-1.520000	1.403690
0.203200	-1.520000	1.403490
0.203600	-1.440000	1.403690
0.204000	-1.520000	1.403490
0.204400	-1.520000	1.403690
0.204800	-1.520000	1.403890
0.205200	-1.440000	1.404090
0.205600	-1.520000	1.403690
0.206000	-1.520000	1.403690
0.206400	-1.520000	1.403690
0.206800	-1.440000	1.403290
0.207200	-1.440000	1.403490
0.207600	-1.440000	1.403490
0.208000	-1.440000	1.403090
0.208400	-1.440000	1.403690
0.208800	-1.440000	1.403490
0.209200	-1.440000	1.403290
0.209600	-1.440000	1.403490
0.210000	-1.440000	1.403690
0.210400	-1.440000	1.403490
0.210800	-1.440000	1.403290
0.211200	-1.440000	1.403490
0.211600	-1.440000	1.403490
0.212000	-1.440000	1.403490
0.212400	-1.440000	1.403290
0.212800	-1.440000	1.403490
0.213200	-1.440000	1.403890
0.213600	-1.440000	1.403490
0.214000	-1.440000	1.403490
0.214400	-1.440000	1.403890
0.214800	-1.440000	1.403890
0.215200	-1.440000	1.403490
0.215600	-1.440000	1.403490
0.216000	-1.440000	1.403290
0.216400	-1.440000	1.403290
0.216800	-1.440000	1.403490
0.217200	-1.440000	1.403690
0.217600	-1.440000	1.403690
0.218000	-1.440000	1.403690
0.218400	-1.440000	1.403690
0.218800	-1.440000	1.402890
0.219200	-1.440000	1.403090
0.219600	-1.440000	1.403090
0.220000	-1.360000	1.403490
0.220400	-1.360000	1.403290
0.220800	-1.360000	1.403290
0.221200	-1.360000	1.403490
0.221600	-1.360000	1.403490
0.222000	-1.360000	1.403290
0.222400	-1.360000	1.403690
0.222800	-1.360000	1.403690
0.223200	-1.360000	1.403490
0.223600	-1.360000	1.403290
0.224000	-1.360000	1.402890
0.224400	-1.360000	1.402890
0.224800	-1.360000	1.402490
0.225200	-1.360000	1.401690
0.225600	-1.360000	1.400290
0.226000	-1.360000	1.399090
0.226400	-1.360000	1.397689
0.226800	-1.360000	1.395489
0.227200	-1.360000	1.393689
0.227600	-1.360000	1.393089
0.228000	-1.360000	1.392689
0.228400	-1.360000	1.392889
0.228800	-1.360000	1.393689
0.229200	-1.360000	1.394289
0.229600	-1.360000	1.395089
0.230000	-1.360000	1.395289
0.230400	-1.360000	1.396689
0.230800	-1.360000	1.396889
0.231200	-1.360000	1.397489
0.231600	-1.360000	1.398089
0.232000	-1.360000	1.398489
0.232400	-1.360000	1.399090
0.232800	-1.280000	1.399290
0.233200	-1.360000	1.399690
0.233600	-1.360000	1.399890
0.234000	-1.280000	1.400090
0.234400	-1.280000	1.400290
0.234800	-1.360000	1.400690
0.235200	-1.280000	1.401090
0.235600	-1.280000	1.401090
0.236000	-1.280000	1.401290
0.236400	-1.280000	1.401290
0.236800	-1.280000	1.401490
0.237200	-1.280000	1.401690
0.237600	-1.280000	1.401490
0.238000	-1.280000	1.402090
0.238400	-1.280000	1.402490
0.238800	-1.280000	1.401890
0.239200	-1.280000	1.402490
0.239600	-1.280000	1.402090
0.240000	-1.280000	1.402290
0.240400	-1.280000	1.402490
0.240800	-1.280000	1.402490
0.241200	-1.280000	1.402890
0.241600	-1.280000	1.402690
0.242000	-1.280000	1.403090
0.242400	-1.280000	1.402690
0.242800	-1.280000	1.403090
0.243200	-1.280000	1.402490
0.243600	-1.280000	1.402890
0.244000	-1.280000	1.403090
0.244400	-1.280000	1.403290
0.244800	-1.280000	1.402490
0.245200	-1.280000	1.403090
0.245600	-1.280000	1.402890
0.246000	-1.280000	1.403090
0.246400	-1.280000	1.402890
0.246800	-1.280000	1.403290
0.247200	-1.280000	1.403290
0.247600	-1.280000	1.403090
0.248000	-1.280000	1.403290
0.248400	-1.280000	1.403090
0.248800	-1.280000	1.403490
0.249200	-1.280000	1.403090
0.249600	-1.280000	1.403290
0.250000	-1.280000	1.403490
0.250400	-1.280000	1.403090
0.250800	-1.280000	1.403490
0.251200	-1.200000	1.403090
0.251600	-1.280000	1.402890
0.252000	-1.280000	1.403490
0.252400	-1.200000	1.403290
0.252800	-1.200000	1.403490
0.253200	-1.200000	1.403290
0.253600	-1.200000	1.403290
0.254000	-1.200000	1.403290
0.254400	-1.200000	1.403490
0.254800	-1.200000	1.403490
0.255200	-1.200000	1.403290
0.255600	-1.200000	1.403090
0.256000	-1.200000	1.403090
0.256400	-1.200000	1.403090
0.256800	-1.200000	1.403690
0.257200	-1.200000	1.402890
0.257600	-1.200000	1.403290
0.258000	-1.200000	1.403090
0.258400	-1.200000	1.403290
0.258800	-1.200000	1.403090
0.259200	-1.200000	1.403290
0.259600	-1.200000	1.403290
0.260000	-1.200000	1.403490
0.260400	-1.200000	1.403490
0.260800	-1.200000	1.403290
0.261200	-1.120000	1.403490
0.261600	-1.200000	1.403690
0.262000	-1.200000	1.403690
0.262400	-1.200000	1.403490
0.262800	-1.120000	1.403290
0.263200	-1.120000	1.403290
0.263600	-1.200000	1.403090
0.264000	-1.120000	1.403490
0.264400	-1.120000	1.403490
0.264800	-1.120000	1.403290
0.265200	-1.120000	1.403490
0.265600	-1.120000	1.403290
0.266000	-1.120000	1.403290
0.266400	-1.120000	1.402890
0.266800	-1.120000	1.403090
0.267200	-1.120000	1.403290
0.267600	-1.120000	1.403090
0.268000	-1.120000	1.403490
0.268400	-1.120000	1.403290
0.268800	-1.120000	1.402890
0.269200	-1.120000	1.403490
0.269600	-1.120000	1.403290
0.270000	-1.120000	1.403290
0.270400	-1.120000	1.403290
0.270800	-1.120000	1.403690
0.271200	-1.120000	1.403490
0.271600	-1.120000	1.403490
0.272000	-1.120000	1.403490
0.272400	-1.120000	1.403090
0.272800	-1.120000	1.403490
0.273200	-1.120000	1.403290
0.273600	-1.120000	1.403290
0.274000	-1.120000	1.403090
0.274400	-1.120000	1.403290
0.274800	-1.120000	1.403490
0.275200	-1.120000	1.403490
0.275600	-1.120000	1.403290
0.276000	-1.120000	1.403290
0.276400	-1.120000	1.403290
0.276800	-1.120000	1.403290
0.277200	-1.120000	1.403290
0.277600	-1.120000	1.403290
0.278000	-1.120000	1.403290
0.278400	-1.120000	1.403090
0.278800	-1.120000	1.403290
0.279200	-1.120000	1.402890
0.279600	-1.120000	1.403290
0.280000	-1.120000	1.403090
0.280400	-1.120000	1.403690
0.280800	-1.040000	1.403490
0.281200	-1.120000	1.403290
0.281600	-1.040000	1.403490
0.282000	-1.040000	1.403290
0.282400	-1.040000	1.402890
0.282800	-1.040000	1.403290
0.283200	-1.040000	1.403490
0.283600	-1.040000	1.403090
0.284000	-1.120000	1.403090
0.284400	-1.040000	1.403490
0.284800	-1.040000	1.403490
0.285200	-1.040000	1.403290
0.285600	-1.040000	1.403290
0.286000	-1.040000	1.402890
0.286400	-1.040000	1.403490
0.286800	-1.040000	1.403290
0.287200	-1.040000	1.403490
0.287600	-1.040000	1.403490
0.288000	-1.040000	1.403090
0.288400	-1.040000	1.403290
0.288800	-1.040000	1.402890
0.289200	-1.040000	1.403090
0.289600	-1.040000	1.402890
0.290000	-1.040000	1.403290
0.290400	-1.040000	1.403090
0.290800	-1.040000	1.403290
0.291200	-1.040000	1.403090
0.291600	-1.040000	1.403090
0.292000	-1.040000	1.403290
0.292400	-1.040000	1.403290
0.292800	-1.040000	1.403290
0.293200	-1.040000	1.402890
0.293600	-1.040000	1.403090
0.294000	-0.960000	1.403490
0.294400	-1.040000	1.403290
0.294800	-1.040000	1.403090
0.295200	-0.960000	1.403090
0.295600	-1.040000	1.402890
0.296000	-1.040000	1.403290
0.296400	-0.960000	1.403290
0.296800	-0.960000	1.403090
0.297200	-0.960000	1.403290
0.297600	-1.040000	1.403090
0.298000	-0.960000	1.403290
0.298400	-0.960000	1.402890
0.298800	-0.960000	1.403290
0.299200	-0.960000	1.402890
0.299600	-0.960000	1.403290
0.300000	-0.960000	1.403290
0.300400	-0.960000	1.403090
0.300800	-0.960000	1.403290
0.301200	-0.960000	1.403090
0.301600	-0.960000	1.403090
0.302000	-0.960000	1.402890
0.302400	-0.960000	1.402890
0.302800	-0.960000	1.403290
0.303200	-0.960000	1.403290
0.303600	-0.960000	1.403490
0.304000	-0.960000	1.402690
0.304400	-0.960000	1.403490
0.304800	-0.960000	1.403690
0.305200	-0.960000	1.402890
0.305600	-0.960000	1.403690
0.306000	-0.960000	1.402890
0.306400	-0.960000	1.403490
0.306800	-0.960000	1.403290
0.307200	-0.960000	1.403290
0.307600	-0.960000	1.403290
0.308000	-0.960000	1.402890
0.308400	-0.960000	1.403290
0.308800	-0.960000	1.403290
0.309200	-0.960000	1.402890
0.309600	-0.960000	1.403690
0.310000	-0.960000	1.402890
0.310400	-0.960000	1.403290
0.310800	-0.960000	1.402890
0.311200	-0.880000	1.403290
0.311600	-0.880000	1.402890
0.312000	-0.960000	1.403290
0.312400	-0.880000	1.403290
0.312800	-0.880000	1.402690
0.313200	-0.880000	1.403090
0.313600	-0.960000	1.402890
0.314000	-0.880000	1.403290
0.314400	-0.880000	1.403290
0.314800	-0.880000	1.403290
0.315200	-0.960000	1.403490
0.315600	-0.880000	1.402690
0.316000	-0.880000	1.402890
0.316400	-0.880000	1.402290
0.316800	-0.880000	1.401290
0.317200	-0.880000	1.400290
0.317600	-0.880000	1.398690
0.318000	-0.880000	1.398489
0.318400	-0.880000	1.398289
0.318800	-0.880000	1.398289
0.319200	-0.880000	1.398890
0.319600	-0.880000	1.399890
0.320000	-0.880000	1.399890
0.320400	-0.880000	1.399890
0.320800	-0.880000	1.400690
0.321200	-0.880000	1.401090
0.321600	-0.880000	1.400890
0.322000	-0.880000	1.401290
0.322400	-0.880000	1.401490
0.322800	-0.880000	1.401290
0.323200	-0.880000	1.401490
0.323600	-0.880000	1.401890
0.324000	-0.880000	1.402090
0.324400	-0.880000	1.401690
0.324800	-0.800000	1.402290
0.325200	-0.800000	1.402090
0.325600	-0.800000	1.401890
0.326000	-0.800000	1.402290
0.326400	-0.800000	1.402490
0.326800	-0.800000	1.402890
0.327200	-0.800000	1.402490
0.327600	-0.800000	1.402890
0.328000	-0.800000	1.402290
0.328400	-0.800000	1.402690
0.328800	-0.800000	1.402690
0.329200	-0.800000	1.402290
0.329600	-0.800000	1.402690
0.330000	-0.800000	1.402690
0.330400	-0.800000	1.402690
0.330800	-0.800000	1.402890
0.331200	-0.800000	1.403090
0.331600	-0.800000	1.403090
0.332000	-0.800000	1.402690
0.332400	-0.800000	1.402890
0.332800	-0.800000	1.402690
0.333200	-0.800000	1.402890
0.333600	-0.800000	1.403290
0.334000	-0.800000	1.402690
0.334400	-0.800000	1.402890
0.334800	-0.800000	1.402690
0.335200	-0.800000	1.402690
0.335600	-0.800000	1.402690
0.336000	-0.800000	1.402690
0.336400	-0.800000	1.402890
0.336800	-0.800000	1.402690
0.337200	-0.800000	1.402490
0.337600	-0.800000	1.403090
0.338000	-0.800000	1.403090
0.338400	-0.800000	1.403090
0.338800	-0.800000	1.402690
0.339200	-0.800000	1.403090
0.339600	-0.800000	1.402690
0.340000	-0.800000	1.403090
0.340400	-0.800000	1.403290
0.340800	-0.800000	1.402890
0.341200	-0.800000	1.403090
0.341600	-0.800000	1.402690
0.342000	-0.720000	1.403090
0.342400	-0.800000	1.403090
0.342800	-0.720000	1.403090
0.343200	-0.720000	1.403290
0.343600	-0.720000	1.403090
0.344000	-0.720000	1.403090
0.344400	-0.720000	1.403090
0.344800	-0.720000	1.403090
0.345200	-0.720000	1.403290
0.345600	-0.800000	1.402890
0.346000	-0.720000	1.403090
0.346400	-0.720000	1.402490
0.346800	-0.720000	1.403090
0.347200	-0.720000	1.402890
0.347600	-0.720000	1.403090
0.348000	-0.720000	1.402890
0.348400	-0.720000	1.402690
0.348800	-0.720000	1.403090
0.349200	-0.720000	1.403090
0.349600	-0.720000	1.402690
0.350000	-0.720000	1.402890
0.350400	-0.720000	1.402890
0.350800	-0.720000	1.403090
0.351200	-0.720000	1.402890
0.351600	-0.720000	1.402890
0.352000	-0.720000	1.403290
0.352400	-0.720000	1.402890
0.352800	-0.720000	1.402890
0.353200	-0.720000	1.403090
0.353600	-0.720000	1.402890
0.354000	-0.640000	1.403090
0.354400	-0.720000	1.402490
0.354800	-0.640000	1.403090
0.355200	-0.720000	1.402490
0.355600	-0.720000	1.402690
0.356000	-0.640000	1.402690
0.356400	-0.720000	1.402690
0.356800	-0.640000	1.402490
0.357200	-0.640000	1.402690
0.357600	-0.640000	1.402890
0.358000	-0.640000	1.402690
0.358400	-0.640000	1.403090
0.358800	-0.640000	1.402690
0.359200	-0.640000	1.402890
0.359600	-0.640000	1.402690
0.360000	-0.640000	1.402890
0.360400	-0.640000	1.403290
0.360800	-0.640000	1.402690
0.361200	-0.640000	1.403090
0.361600	-0.640000	1.402890
0.362000	-0.640000	1.402890
0.362400	-0.640000	1.403290
0.362800	-0.640000	1.402690
0.363200	-0.640000	1.402690
0.363600	-0.640000	1.403090
0.364000	-0.640000	1.402890
0.364400	-0.640000	1.403090
0.364800	-0.640000	1.402690
0.365200	-0.640000	1.403090
0.365600	-0.640000	1.402890
0.366000	-0.640000	1.402690
0.366400	-0.640000	1.403090
0.366800	-0.640000	1.402690
0.367200	-0.640000	1.402890
0.367600	-0.640000	1.402290
0.368000	-0.640000	1.402690
0.368400	-0.640000	1.402890
0.368800	-0.640000	1.403090
0.369200	-0.640000	1.402290
0.369600	-0.640000	1.402490
0.370000	-0.640000	1.402690
0.370400	-0.640000	1.402690
0.370800	-0.560000	1.402290
0.371200	-0.640000	1.402890
0.371600	-0.640000	1.402690
0.372000	-0.560000	1.402690
0.372400	-0.640000	1.402690
0.372800	-0.640000	1.403290
0.373200	-0.640000	1.402690
0.373600	-0.560000	1.402490
0.374000	-0.560000	1.403090
0.374400	-0.560000	1.402490
0.374800	-0.560000	1.403290
0.375200	-0.560000	1.402890
0.375600	-0.560000	1.402290
0.376000	-0.560000	1.402690
0.376400	-0.560000	1.402290
0.376800	-0.560000	1.402490
0.377200	-0.560000	1.402490
0.377600	-0.560000	1.402490
0.378000	-0.560000	1.403090
0.378400	-0.560000	1.402490
0.378800	-0.560000	1.402690
0.379200	-0.560000	1.402290
0.379600	-0.560000	1.402490
0.380000	-0.560000	1.402490
0.380400	-0.560000	1.402490
0.380800	-0.560000	1.402490
0.381200	-0.560000	1.402290
0.381600	-0.560000	1.402890
0.382000	-0.560000	1.402690
0.382400	-0.560000	1.402490
0.382800	-0.560000	1.402490
0.383200	-0.560000	1.402490
0.383600	-0.560000	1.402690
0.384000	-0.560000	1.402490
0.384400	-0.560000	1.402690
0.384800	-0.480000	1.402490
0.385200	-0.560000	1.402490
0.385600	-0.560000	1.403090
0.386000	-0.560000	1.402490
0.386400	-0.560000	1.402490
0.386800	-0.560000	1.402490
0.387200	-0.480000	1.402890
0.387600	-0.480000	1.402690
0.388000	-0.480000	1.402890
0.388400	-0.480000	1.402290
0.388800	-0.560000	1.402490
0.389200	-0.480000	1.402690
0.389600	-0.480000	1.402490
0.390000	-0.480000	1.402490
0.390400	-0.480000	1.402690
0.390800	-0.480000	1.402290
0.391200	-0.480000	1.402890
0.391600	-0.480000	1.402690
0.392000	-0.480000	1.402890
0.392400	-0.480000	1.402690
0.392800	-0.480000	1.402490
0.393200	-0.480000	1.402690
0.393600	-0.480000	1.402490
0.394000	-0.480000	1.402690
0.394400	-0.480000	1.402690
0.394800	-0.480000	1.402290
0.395200	-0.480000	1.402690
0.395600	-0.480000	1.402290
0.396000	-0.480000	1.402690
0.396400	-0.480000	1.402290
0.396800	-0.400000	1.403090
0.397200	-0.400000	1.402690
0.397600	-0.400000	1.402490
0.398000	-0.480000	1.402690
0.398400	-0.480000	1.402290
0.398800	-0.400000	1.402290
0.399200	-0.400000	1.402490
0.399600	-0.480000	1.402090
0.400000	-0.400000	1.402690
0.400400	-0.480000	1.402090
0.400800	-0.400000	1.402090
0.401200	-0.400000	1.402090
0.401600	-0.400000	1.402290
0.402000	-0.400000	1.402690
0.402400	-0.400000	1.402290
0.402800	-0.400000	1.402290
0.403200	-0.400000	1.402090
0.403600	-0.400000	1.402290
0.404000	-0.400000	1.402490
0.404400	-0.400000	1.402290
0.404800	-0.400000	1.402490
0.405200	-0.400000	1.402490
0.405600	-0.400000	1.402690
0.406000	-0.400000	1.402490
0.406400	-0.400000	1.402490
0.406800	-0.400000	1.402490
0.407200	-0.400000	1.402290
0.407600	-0.400000	1.402290
0.408000	-0.400000	1.402090
0.408400	-0.400000	1.402090
0.408800	-0.400000	1.402490
0.409200	-0.400000	1.402290
0.409600	-0.400000	1.402490
0.410000	-0.400000	1.402290
0.410400	-0.400000	1.402290
0.410800	-0.400000	1.402290
0.411200	-0.400000	1.402290
0.411600	-0.400000	1.402090
0.412000	-0.400000	1.402090
0.412400	-0.400000	1.402490
0.412800	-0.400000	1.402290
0.413200	-0.400000	1.402290
0.413600	-0.400000	1.402090
0.414000	-0.400000	1.402090
0.414400	-0.400000	1.402490
0.414800	-0.400000	1.401890
0.415200	-0.400000	1.402290
0.415600	-0.320000	1.402090
0.416000	-0.320000	1.402090
0.416400	-0.320000	1.402090
0.416800	-0.400000	1.401890
0.417200	-0.320000	1.402090
0.417600	-0.320000	1.401890
0.418000	-0.400000	1.402290
0.418400	-0.400000	1.402090
0.418800	-0.400000	1.401890
0.419200	-0.320000	1.402090
0.419600	-0.320000	1.402290
0.420000	-0.320000	1.402290
0.420400	-0.320000	1.402090
0.420800	-0.320000	1.401690
0.421200	-0.320000	1.402290
0.421600	-0.320000	1.402090
0.422000	-0.320000	1.402090
0.422400	-0.320000	1.401490
0.422800	-0.320000	1.401890
0.423200	-0.320000	1.402090
0.423600	-0.320000	1.402090
0.424000	-0.320000	1.402090
0.424400	-0.320000	1.401890
0.424800	-0.320000	1.401890
0.425200	-0.320000	1.401890
0.425600	-0.320000	1.401490
0.426000	-0.320000	1.401890
0.426400	-0.320000	1.401890
0.426800	-0.320000	1.402090
0.427200	-0.320000	1.401690
0.427600	-0.320000	1.401690
0.428000	-0.320000	1.401890
0.428400	-0.320000	1.401690
0.428800	-0.320000	1.401890
0.429200	-0.320000	1.401490
0.429600	-0.320000	1.401490
0.430000	-0.320000	1.401690
0.430400	-0.320000	1.401690
0.430800	-0.240000	1.401890
0.431200	-0.320000	1.402090
0.431600	-0.320000	1.401890
0.432000	-0.320000	1.401290
0.432400	-0.320000	1.401490
0.432800	-0.320000	1.401690
0.433200	-0.320000	1.401290
0.433600	-0.320000	1.401690
0.434000	-0.240000	1.401690
0.434400	-0.240000	1.401690
0.434800	-0.240000	1.401690
0.435200	-0.240000	1.401690
0.435600	-0.240000	1.401690
0.436000	-0.240000	1.401090
0.436400	-0.240000	1.401490
0.436800	-0.240000	1.401490
0.437200	-0.240000	1.401090
0.437600	-0.240000	1.401490
0.438000	-0.240000	1.401490
0.438400	-0.240000	1.401290
0.438800	-0.240000	1.401090
0.439200	-0.240000	1.401290
0.439600	-0.240000	1.401290
0.440000	-0.240000	1.401090
0.440400	-0.240000	1.401490
0.440800	-0.240000	1.401090
0.441200	-0.240000	1.401490
0.441600	-0.240000	1.401090
0.442000	-0.240000	1.401490
0.442400	-0.240000	1.401090
0.442800	-0.240000	1.401090
0.443200	-0.240000	1.401090
0.443600	-0.240000	1.400690
0.444000	-0.240000	1.401090
0.444400	-0.240000	1.401290
0.444800	-0.240000	1.400690
0.445200	-0.240000	1.401090
0.445600	-0.240000	1.400490
0.446000	-0.240000	1.401090
0.446400	-0.240000	1.400690
0.446800	-0.240000	1.400890
0.447200	-0.240000	1.400890
0.447600	-0.240000	1.400690
0.448000	-0.240000	1.400890
0.448400	-0.240000	1.400290
0.448800	-0.240000	1.400290
0.449200	-0.160000	1.400890
0.449600	-0.240000	1.400690
0.450000	-0.160000	1.400690
0.450400	-0.240000	1.400290
0.450800	-0.160000	1.400690
0.451200	-0.160000	1.400090
0.451600	-0.160000	1.400090
0.452000	-0.160000	1.400290
0.452400	-0.160000	1.400090
0.452800	-0.240000	1.400490
0.453200	-0.160000	1.399890
0.453600	-0.160000	1.400090
0.454000	-0.160000	1.399890
0.454400	-0.160000	1.399890
0.454800	-0.160000	1.399890
0.455200	-0.160000	1.399890
0.455600	-0.160000	1.399890
0.456000	-0.160000	1.399890
0.456400	-0.160000	1.399490
0.456800	-0.160000	1.399490
0.457200	-0.160000	1.399290
0.457600	-0.160000	1.399490
0.458000	-0.160000	1.399290
0.458400	-0.160000	1.399090
0.458800	-0.160000	1.399290
0.459200	-0.160000	1.399090
0.459600	-0.160000	1.399290
0.460000	-0.160000	1.399290
0.460400	-0.160000	1.399290
0.460800	-0.160000	1.399090
0.461200	-0.160000	1.398890
0.461600	-0.160000	1.399090
0.462000	-0.160000	1.399090
0.462400	-0.160000	1.399090
0.462800	-0.160000	1.398890
0.463200	-0.080000	1.398890
0.463600	-0.160000	1.398289
0.464000	-0.160000	1.398089
0.464400	-0.080000	1.398690
0.464800	-0.080000	1.398089
0.465200	-0.080000	1.398289
0.465600	-0.080000	1.398089
0.466000	-0.080000	1.398089
0.466400	-0.080000	1.398289
0.466800	-0.080000	1.398089
0.467200	-0.160000	1.397689
0.467600	-0.080000	1.397689
0.468000	-0.160000	1.397689
0.468400	-0.080000	1.397689
0.468800	-0.080000	1.397089
0.469200	-0.080000	1.397489
0.469600	-0.080000	1.397289
0.470000	-0.080000	1.396889
0.470400	-0.080000	1.397089
0.470800	-0.080000	1.396889
0.471200	-0.080000	1.396489
0.471600	-0.080000	1.396689
0.472000	-0.080000	1.396489
0.472400	-0.080000	1.396489
0.472800	-0.080000	1.396689
0.473200	-0.080000	1.396489
0.473600	-0.080000	1.395689
0.474000	-0.080000	1.396089
0.474400	-0.080000	1.396089
0.474800	-0.080000	1.395889
0.475200	-0.080000	1.395089
0.475600	-0.080000	1.395289
0.476000	-0.080000	1.395089
0.476400	-0.080000	1.394889
0.476800	-0.080000	1.394689
0.477200	-0.080000	1.394289
0.477600	-0.080000	1.394289
0.478000	-0.080000	1.394489
0.478400	-0.080000	1.394089
0.478800	-0.080000	1.394089
0.479200	-0.080000	1.393289
0.479600	-0.080000	1.393489
0.480000	-0.080000	1.393289
0.480400	-0.080000	1.392889
0.480800	-0.080000	1.392889
0.481200	0.000000	1.392489
0.481600	-0.080000	1.392689
0.482000	-0.080000	1.392089
0.482400	-0.080000	1.392089
0.482800	-0.080000	1.391889
0.483200	0.000000	1.391689
0.483600	0.000000	1.391489
0.484000	0.000000	1.391089
0.484400	0.000000	1.391089
0.484800	0.000000	1.390689
0.485200	0.000000	1.390289
0.485600	0.000000	1.390089
0.486000	0.000000	1.390089
0.486400	0.000000	1.389689
0.486800	0.000000	1.389089
0.487200	0.000000	1.388889
0.487600	0.000000	1.388889
0.488000	0.000000	1.388489
0.488400	0.000000	1.388689
0.488800	0.000000	1.387489
0.489200	0.000000	1.387689
0.489600	0.000000	1.387489
0.490000	0.000000	1.386889
0.490400	0.000000	1.387089
0.490800	0.000000	1.386489
0.491200	0.000000	1.386289
0.491600	0.000000	1.386489
0.492000	0.000000	1.385889
0.492400	0.000000	1.385889
0.492800	0.000000	1.385489
0.493200	0.080000	1.384889
0.493600	0.000000	1.384689
0.494000	0.000000	1.384889
0.494400	0.000000	1.385089
0.494800	0.080000	1.384089
0.495200	0.080000	1.384289
0.495600	0.080000	1.383689
0.496000	0.080000	1.383889
0.496400	0.080000	1.384089
0.496800	0.080000	1.383889
0.497200	0.080000	1.383489
0.497600	0.080000	1.383489
0.498000	0.080000	1.383289
0.498400	0.080000	1.383289
0.498800	0.080000	1.383089
0.499200	0.080000	1.383289
0.499600	0.080000	1.383089
0.500000	0.080000	1.383089
0.500400	0.080000	1.383089
0.500800	0.080000	1.383489
0.501200	0.080000	1.383489
0.501600	0.080000	1.383289
0.502000	0.080000	1.383089
0.502400	0.080000	1.382888
0.502800	0.080000	1.383289
0.503200	0.080000	1.383289
0.503600	0.080000	1.383489
0.504000	0.080000	1.383689
0.504400	0.080000	1.383489
0.504800	0.080000	1.384289
0.505200	0.080000	1.384089
0.505600	0.080000	1.384289
0.506000	0.080000	1.384489
0.506400	0.080000	1.384489
0.506800	0.080000	1.384889
0.507200	0.080000	1.384489
0.507600	0.080000	1.385289
0.508000	0.080000	1.385089
0.508400	0.080000	1.385289
0.508800	0.160000	1.385489
0.509200	0.080000	1.385489
0.509600	0.080000	1.385889
0.510000	0.160000	1.386289
0.510400	0.160000	1.386289
0.510800	0.160000	1.386489
0.511200	0.160000	1.386689
0.511600	0.160000	1.387289
0.512000	0.160000	1.387089
0.512400	0.080000	1.387489
0.512800	0.160000	1.388089
0.513200	0.160000	1.387689
0.513600	0.160000	1.388289
0.514000	0.160000	1.388489
0.514400	0.160000	1.388889
0.514800	0.160000	1.388889
0.515200	0.160000	1.389089
0.515600	0.160000	1.389489
0.516000	0.160000	1.389689
0.516400	0.160000	1.389889
0.516800	0.160000	1.389489
0.517200	0.160000	1.390289
0.517600	0.160000	1.390289
0.518000	0.160000	1.390689
0.518400	0.160000	1.391089
0.518800	0.160000	1.391089
0.519200	0.160000	1.391289
0.519600	0.160000	1.391689
0.520000	0.160000	1.392089
0.520400	0.160000	1.391889
0.520800	0.160000	1.392089
0.521200	0.160000	1.392289
0.521600	0.160000	1.392289
0.522000	0.160000	1.393089
0.522400	0.160000	1.393489
0.522800	0.160000	1.393089
0.523200	0.160000	1.393289
0.523600	0.160000	1.393689
0.524000	0.240000	1.393689
0.524400	0.240000	1.393489
0.524800	0.240000	1.393889
0.525200	0.160000	1.394289
0.525600	0.240000	1.394089
0.526000	0.240000	1.394689
0.526400	0.240000	1.394289
0.526800	0.240000	1.394489
0.527200	0.240000	1.395089
0.527600	0.240000	1.394889
0.528000	0.240000	1.394889
0.528400	0.240000	1.395089
0.528800	0.240000	1.395689
0.529200	0.240000	1.395689
0.529600	0.240000	1.395889
0.530000	0.240000	1.395889
0.530400	0.240000	1.395889
0.530800	0.240000	1.396289
0.531200	0.240000	1.396089
0.531600	0.240000	1.396289
0.532000	0.240000	1.396289
0.532400	0.240000	1.396689
0.532800	0.240000	1.396489
0.533200	0.240000	1.396289
0.533600	0.240000	1.396889
0.534000	0.240000	1.396889
0.534400	0.240000	1.396689
0.534800	0.240000	1.397289
0.535200	0.240000	1.397089
0.535600	0.240000	1.397089
0.536000	0.240000	1.397089
0.536400	0.240000	1.397489
0.536800	0.240000	1.397489
0.537200	0.240000	1.397489
0.537600	0.240000	1.397689
0.538000	0.240000	1.397489
0.538400	0.240000	1.398289
0.538800	0.240000	1.397889
0.539200	0.240000	1.398089
0.539600	0.240000	1.398089
0.540000	0.240000	1.397889
0.540400	0.240000	1.398289
0.540800	0.320000	1.398289
0.541200	0.240000	1.397889
0.541600	0.240000	1.398289
0.542000	0.240000	1.398289
0.542400	0.320000	1.398690
0.542800	0.320000	1.398489
0.543200	0.320000	1.398690
0.543600	0.320000	1.398890
0.544000	0.320000	1.398690
0.544400	0.320000	1.399090
0.544800	0.320000	1.398890
0.545200	0.320000	1.399290
0.545600	0.320000	1.398890
0.546000	0.320000	1.398690
0.546400	0.320000	1.399090
0.546800	0.320000	1.398690
0.547200	0.320000	1.399290
0.547600	0.320000	1.398890
0.548000	0.320000	1.399290
0.548400	0.320000	1.399090
0.548800	0.320000	1.399490
0.549200	0.320000	1.399890
0.549600	0.320000	1.399490
0.550000	0.320000	1.399690
0.550400	0.320000	1.399490
0.550800	0.320000	1.399290
0.551200	0.320000	1.399890
0.551600	0.320000	1.399690
0.552000	0.320000	1.399890
0.552400	0.320000	1.399690
0.552800	0.320000	1.399890
0.553200	0.320000	1.399690
0.553600	0.320000	1.399690
0.554000	0.320000	1.400090
0.554400	0.320000	1.399690
0.554800	0.320000	1.400090
0.555200	0.320000	1.400090
0.555600	0.320000	1.399690
0.556000	0.320000	1.400290
0.556400	0.320000	1.399890
0.556800	0.320000	1.399890
0.557200	0.320000	1.399690
0.557600	0.320000	1.399890
0.558000	0.400000	1.399890
0.558400	0.400000	1.400090
0.558800	0.400000	1.400090
0.559200	0.400000	1.400290
0.559600	0.400000	1.400290
0.560000	0.400000	1.400290
0.560400	0.400000	1.400090
0.560800	0.400000	1.400090
0.561200	0.400000	1.400290
0.561600	0.400000	1.400690
0.562000	0.400000	1.400690
0.562400	0.400000	1.401090
0.562800	0.400000	1.400690
0.563200	0.400000	1.400690
0.563600	0.400000	1.400690
0.564000	0.400000	1.400690
0.564400	0.400000	1.400290
0.564800	0.400000	1.400690
0.565200	0.400000	1.400890
0.565600	0.400000	1.400890
0.566000	0.400000	1.400490
0.566400	0.400000	1.400890
0.566800	0.400000	1.400690
0.567200	0.400000	1.400890
0.567600	0.400000	1.400890
0.568000	0.400000	1.400490
0.568400	0.400000	1.400890
0.568800	0.400000	1.401090
0.569200	0.400000	1.400890
0.569600	0.400000	1.400890
0.570000	0.400000	1.400690
0.570400	0.400000	1.401090
0.570800	0.400000	1.400890
0.571200	0.400000	1.401090
0.571600	0.400000	1.400890
0.572000	0.400000	1.400890
0.572400	0.400000	1.401290
0.572800	0.400000	1.401090
0.573200	0.400000	1.401290
0.573600	0.480000	1.401090
0.574000	0.480000	1.401090
0.574400	0.400000	1.400890
0.574800	0.400000	1.401490
0.575200	0.480000	1.401490
0.575600	0.400000	1.401290
0.576000	0.400000	1.401290
0.576400	0.400000	1.401290
0.576800	0.480000	1.401290
0.577200	0.400000	1.401090
0.577600	0.480000	1.401090
0.578000	0.480000	1.400890
0.578400	0.480000	1.401490
0.578800	0.480000	1.401490
0.579200	0.480000	1.401090
0.579600	0.480000	1.401290
0.580000	0.480000	1.401290
0.580400	0.480000	1.401290
0.580800	0.480000	1.401290
0.581200	0.480000	1.401490
0.581600	0.480000	1.401490
0.582000	0.480000	1.401490
0.582400	0.480000	1.401290
0.582800	0.480000	1.401690
0.583200	0.480000	1.401290
0.583600	0.480000	1.401890
0.584000	0.480000	1.401290
0.584400	0.480000	1.401490
0.584800	0.480000	1.401890
0.585200	0.480000	1.401490
0.585600	0.560000	1.401690
0.586000	0.480000	1.401490
0.586400	0.480000	1.401290
0.586800	0.480000	1.401690
0.587200	0.560000	1.402090
0.587600	0.480000	1.401490
0.588000	0.560000	1.401290
0.588400	0.560000	1.401490
0.588800	0.560000	1.401690
0.589200	0.560000	1.401490
0.589600	0.560000	1.401690
0.590000	0.560000	1.401290
0.590400	0.560000	1.401690
0.590800	0.560000	1.401490
0.591200	0.560000	1.401690
0.591600	0.560000	1.401090
0.592000	0.560000	1.401490
0.592400	0.560000	1.401890
0.592800	0.560000	1.401690
0.593200	0.560000	1.402090
0.593600	0.560000	1.401690
0.594000	0.560000	1.401690
0.594400	0.560000	1.401690
0.594800	0.560000	1.401890
0.595200	0.560000	1.402490
0.595600	0.560000	1.401690
0.596000	0.560000	1.401890
0.596400	0.560000	1.401690
0.596800	0.560000	1.401690
0.597200	0.560000	1.402090
0.597600	0.560000	1.401690
0.598000	0.560000	1.401490
0.598400	0.640000	1.401890
0.598800	0.640000	1.401890
0.599200	0.560000	1.401690
0.599600	0.560000	1.401490
0.600000	0.640000	1.401690
0.600400	0.640000	1.401890
0.600800	0.560000	1.401690
0.601200	0.560000	1.402290
0.601600	0.640000	1.401690
0.602000	0.640000	1.401690
0.602400	0.640000	1.401690
0.602800	0.640000	1.401890
0.603200	0.640000	1.401690
0.603600	0.640000	1.401490
0.604000	0.640000	1.401890
0.604400	0.640000	1.401890
0.604800	0.640000	1.402090
0.605200	0.640000	1.402090
0.605600	0.640000	1.401890
0.606000	0.640000	1.401890
0.606400	0.640000	1.401890
0.606800	0.640000	1.401890
0.607200	0.640000	1.401090
0.607600	0.640000	1.402090
0.608000	0.640000	1.401890
0.608400	0.640000	1.401890
0.608800	0.640000	1.401890
0.609200	0.640000	1.401890
0.609600	0.640000	1.402090
0.610000	0.640000	1.401890
0.610400	0.640000	1.402090
0.610800	0.640000	1.401890
0.611200	0.640000	1.401890
0.611600	0.640000	1.402290
0.612000	0.640000	1.402090
0.612400	0.640000	1.402090
0.612800	0.640000	1.402090
0.613200	0.640000	1.401890
0.613600	0.640000	1.402290
0.614000	0.640000	1.401890
0.614400	0.640000	1.402290
0.614800	0.640000	1.401690
0.615200	0.640000	1.401890
0.615600	0.640000	1.402090
0.616000	0.640000	1.401890
0.616400	0.640000	1.402290
0.616800	0.640000	1.401890
0.617200	0.640000	1.402090
0.617600	0.720000	1.402490
0.618000	0.640000	1.402290
0.618400	0.720000	1.402090
0.618800	0.720000	1.402290
0.619200	0.640000	1.402090
0.619600	0.720000	1.402090
0.620000	0.720000	1.402090
0.620400	0.720000	1.402090
0.620800	0.720000	1.401890
0.621200	0.720000	1.402090
0.621600	0.720000	1.402090
0.622000	0.720000	1.401890
0.622400	0.720000	1.401890
0.622800	0.720000	1.402090
0.623200	0.720000	1.402890
0.623600	0.720000	1.401890
0.624000	0.720000	1.402290
0.624400	0.720000	1.402290
0.624800	0.720000	1.402090
0.625200	0.720000	1.402090
0.625600	0.720000	1.402290
0.626000	0.720000	1.402290
0.626400	0.720000	1.402090
0.626800	0.720000	1.402290
0.627200	0.720000	1.402090
0.627600	0.720000	1.402090
0.628000	0.720000	1.402290
0.628400	0.720000	1.401890
0.628800	0.720000	1.402090
0.629200	0.720000	1.402690
0.629600	0.800000	1.402090
0.630000	0.720000	1.402290
0.630400	0.800000	1.401890
0.630800	0.720000	1.402290
0.631200	0.800000	1.402290
0.631600	0.720000	1.402690
0.632000	0.720000	1.402290
0.632400	0.800000	1.402490
0.632800	0.800000	1.402490
0.633200	0.720000	1.402090
0.633600	0.800000	1.402490
0.634000	0.800000	1.402490
0.634400	0.800000	1.402090
0.634800	0.800000	1.402690
0.635200	0.800000	1.402490
0.635600	0.800000	1.402490
0.636000	0.800000	1.402290
0.636400	0.800000	1.402490
0.636800	0.800000	1.402890
0.637200	0.800000	1.402090
0.637600	0.800000	1.402690
0.638000	0.800000	1.402290
0.638400	0.800000	1.402290
0.638800	0.800000	1.402090
0.639200	0.800000	1.402290
0.639600	0.800000	1.402490
0.640000	0.800000	1.402090
0.640400	0.800000	1.402490
0.640800	0.800000	1.402690
0.641200	0.800000	1.402290
0.641600	0.800000	1.402290
0.642000	0.800000	1.402090
0.642400	0.800000	1.402890
0.642800	0.800000	1.402290
0.643200	0.800000	1.402490
0.643600	0.800000	1.402690
0.644000	0.800000	1.402090
0.644400	0.800000	1.402890
0.644800	0.800000	1.402290
0.645200	0.800000	1.402290
0.645600	0.800000	1.402290
0.646000	0.800000	1.402290
0.646400	0.800000	1.402290
0.646800	0.800000	1.402490
0.647200	0.800000	1.402290
0.647600	0.800000	1.402690
0.648000	0.800000	1.402290
0.648400	0.800000	1.402290
0.648800	0.800000	1.402490
0.649200	0.880000	1.402490
0.649600	0.880000	1.401890
0.650000	0.800000	1.402690
0.650400	0.880000	1.402690
0.650800	0.880000	1.402490
0.651200	0.880000	1.402490
0.651600	0.880000	1.402290
0.652000	0.880000	1.402690
0.652400	0.800000	1.402690
0.652800	0.880000	1.402490
0.653200	0.880000	1.402490
0.653600	0.880000	1.402490
0.654000	0.880000	1.402690
0.654400	0.880000	1.402290
0.654800	0.880000	1.402290
0.655200	0.880000	1.402290
0.655600	0.880000	1.402490
0.656000	0.880000	1.402290
0.656400	0.880000	1.402090
0.656800	0.880000	1.402490
0.657200	0.880000	1.402090
0.657600	0.880000	1.402490
0.658000	0.880000	1.402490
0.658400	0.880000	1.402490
0.658800	0.880000	1.402890
0.659200	0.880000	1.402290
0.659600	0.880000	1.403090
0.660000	0.880000	1.402490
0.660400	0.880000	1.402490
0.660800	0.960000	1.402690
0.661200	0.960000	1.402690
0.661600	0.880000	1.402690
0.662000	0.960000	1.402290
0.662400	0.960000	1.402490
0.662800	0.960000	1.402690
0.663200	0.880000	1.402490
0.663600	0.880000	1.402290
0.664000	0.960000	1.402290
0.664400	0.960000	1.402690
0.664800	0.960000	1.402890
0.665200	0.960000	1.402290
0.665600	0.960000	1.402690
0.666000	0.960000	1.402090
0.666400	0.960000	1.402490
0.666800	0.960000	1.402290
0.667200	0.960000	1.402290
0.667600	0.960000	1.402490
0.668000	0.960000	1.401890
0.668400	0.960000	1.402490
0.668800	0.960000	1.402490
0.669200	0.960000	1.402690
0.669600	0.960000	1.402490
0.670000	0.960000	1.402690
0.670400	0.960000	1.402490
0.670800	0.960000	1.402490
0.671200	0.960000	1.402890
0.671600	0.960000	1.402490
0.672000	0.960000	1.402490
0.672400	0.960000	1.402890
0.672800	0.960000	1.402490
0.673200	0.960000	1.402690
0.673600	0.960000	1.402290
0.674000	0.960000	1.402490
0.674400	0.960000	1.402890
0.674800	0.960000	1.402090
0.675200	0.960000	1.402890
0.675600	0.960000	1.402490
0.676000	0.960000	1.402890
0.676400	0.960000	1.402490
0.676800	1.040000	1.402290
0.677200	0.960000	1.402690
0.677600	0.960000	1.402290
0.678000	0.960000	1.402890
0.678400	0.960000	1.402090
0.678800	1.040000	1.401490
0.679200	0.960000	1.399690
0.679600	1.040000	1.397889
0.680000	1.040000	1.397689
0.680400	0.960000	1.397689
0.680800	1.040000	1.398289
0.681200	1.040000	1.398289
0.681600	1.040000	1.398890
0.682000	1.040000	1.399490
0.682400	1.040000	1.399690
0.682800	1.040000	1.400090
0.683200	1.040000	1.400290
0.683600	1.040000	1.400890
0.684000	1.040000	1.400690
0.684400	1.040000	1.401090
0.684800	1.040000	1.401290
0.685200	1.040000	1.401290
0.685600	1.040000	1.401490
0.686000	1.040000	1.401490
0.686400	1.040000	1.401290
0.686800	1.040000	1.401490
0.687200	1.040000	1.401690
0.687600	1.040000	1.401890
0.688000	1.040000	1.401690
0.688400	1.040000	1.401890
0.688800	1.040000	1.402290
0.689200	1.040000	1.402090
0.689600	1.040000	1.402290
0.690000	1.040000	1.402090
0.690400	1.040000	1.402290
0.690800	1.040000	1.402690
0.691200	1.040000	1.402090
0.691600	1.120000	1.402290
0.692000	1.040000	1.402290
0.692400	1.120000	1.402490
0.692800	1.040000	1.402490
0.693200	1.040000	1.402890
0.693600	1.040000	1.402290
0.694000	1.120000	1.402290
0.694400	1.040000	1.402490
0.694800	1.040000	1.402290
0.695200	1.120000	1.402890
0.695600	1.120000	1.402690
0.696000	1.120000	1.402690
0.696400	1.040000	1.402690
0.696800	1.120000	1.402490
0.697200	1.120000	1.402490
0.697600	1.120000	1.402690
0.698000	1.120000	1.402690
0.698400	1.120000	1.402690
0.698800	1.120000	1.402490
0.699200	1.120000	1.402690
0.699600	1.120000	1.402690
0.700000	1.120000	1.402690
0.700400	1.120000	1.402690
0.700800	1.120000	1.402490
0.701200	1.120000	1.402690
0.701600	1.120000	1.402690
0.702000	1.120000	1.402690
0.702400	1.120000	1.402890
0.702800	1.120000	1.402690
0.703200	1.120000	1.402890
0.703600	1.120000	1.402690
0.704000	1.120000	1.402890
0.704400	1.120000	1.402690
0.704800	1.120000	1.402890
0.705200	1.120000	1.403090
0.705600	1.120000	1.402890
0.706000	1.120000	1.402890
0.706400	1.120000	1.402890
0.706800	1.120000	1.402490
0.707200	1.120000	1.403090
0.707600	1.120000	1.402690
0.708000	1.120000	1.402690
0.708400	1.120000	1.402690
0.708800	1.120000	1.403090
0.709200	1.120000	1.402890
0.709600	1.120000	1.402890
0.710000	1.120000	1.402890
0.710400	1.120000	1.402490
0.710800	1.200000	1.402690
0.711200	1.120000	1.402490
0.711600	1.200000	1.402690
0.712000	1.120000	1.403090
0.712400	1.200000	1.402890
0.712800	1.200000	1.403090
0.713200	1.120000	1.402890
0.713600	1.200000	1.402690
0.714000	1.200000	1.403090
0.714400	1.200000	1.402890
0.714800	1.200000	1.402690
0.715200	1.200000	1.402690
0.715600	1.200000	1.403090
0.716000	1.120000	1.402890
0.716400	1.200000	1.403090
0.716800	1.200000	1.402890
0.717200	1.200000	1.402890
0.717600	1.200000	1.403090
0.718000	1.200000	1.402890
0.718400	1.200000	1.402890
0.718800	1.200000	1.402490
0.719200	1.200000	1.402490
0.719600	1.200000	1.402490
0.720000	1.200000	1.402690
0.720400	1.200000	1.402890
0.720800	1.200000	1.402490
0.721200	1.200000	1.402890
0.721600	1.200000	1.402690
0.722000	1.200000	1.402690
0.722400	1.200000	1.403090
0.722800	1.200000	1.402890
0.723200	1.200000	1.402890
0.723600	1.200000	1.403090
0.724000	1.200000	1.402490
0.724400	1.200000	1.403090
0.724800	1.200000	1.402690
0.725200	1.200000	1.402890
0.725600	1.200000	1.402890
0.726000	1.200000	1.402890
0.726400	1.280000	1.402890
0.726800	1.280000	1.403090
0.727200	1.280000	1.403090
0.727600	1.280000	1.402690
0.728000	1.280000	1.402890
0.728400	1.280000	1.402690
0.728800	1.280000	1.402690
0.729200	1.280000	1.402690
0.729600	1.280000	1.403090
0.730000	1.280000	1.402890
0.730400	1.280000	1.402690
0.730800	1.280000	1.402890
0.731200	1.280000	1.402890
0.731600	1.280000	1.402690
0.732000	1.280000	1.402690
0.732400	1.280000	1.402890
0.732800	1.280000	1.403090
0.733200	1.280000	1.403090
0.733600	1.280000	1.402690
0.734000	1.280000	1.403090
0.734400	1.280000	1.402690
0.734800	1.280000	1.403090
0.735200	1.280000	1.402690
0.735600	1.280000	1.402890
0.736000	1.280000	1.402890
0.736400	1.280000	1.402690
0.736800	1.280000	1.402890
0.737200	1.280000	1.402490
0.737600	1.280000	1.402690
0.738000	1.280000	1.402690
0.738400	1.280000	1.402890
0.738800	1.280000	1.403090
0.739200	1.280000	1.403090
0.739600	1.280000	1.402890
0.740000	1.280000	1.402690
0.740400	1.280000	1.403090
0.740800	1.280000	1.403090
0.741200	1.280000	1.403090
0.741600	1.280000	1.403090
0.742000	1.280000	1.402490
0.742400	1.280000	1.403290
0.742800	1.280000	1.402690
0.743200	1.280000	1.403090
0.743600	1.360000	1.403090
0.744000	1.360000	1.402690
0.744400	1.280000	1.403090
0.744800	1.360000	1.402690
0.745200	1.360000	1.402890
0.745600	1.360000	1.403090
0.746000	1.360000	1.402890
0.746400	1.360000	1.403090
0.746800	1.360000	1.402690
0.747200	1.360000	1.403090
0.747600	1.360000	1.402690
0.748000	1.360000	1.402890
0.748400	1.360000	1.402690
0.748800	1.360000	1.402890
0.749200	1.360000	1.403490
0.749600	1.360000	1.403090
0.750000	1.360000	1.403090
0.750400	1.360000	1.403090
0.750800	1.360000	1.402690
0.751200	1.360000	1.403090
0.751600	1.360000	1.403090
0.752000	1.360000	1.402890
0.752400	1.360000	1.402890
0.752800	1.360000	1.403090
0.753200	1.360000	1.402890
0.753600	1.360000	1.402890
0.754000	1.360000	1.403290
0.754400	1.360000	1.403090
0.754800	1.360000	1.402890
0.755200	1.360000	1.402690
0.755600	1.440000	1.402890
0.756000	1.440000	1.403090
0.756400	1.440000	1.402690
0.756800	1.440000	1.403090
0.757200	1.440000	1.402690
0.757600	1.440000	1.402690
0.758000	1.440000	1.402890
0.758400	1.440000	1.403090
0.758800	1.440000	1.402890
0.759200	1.440000	1.402890
0.759600	1.440000	1.403090
0.760000	1.440000	1.403290
0.760400	1.440000	1.402690
0.760800	1.440000	1.403290
0.761200	1.440000	1.402690
0.761600	1.440000	1.402890
0.762000	1.440000	1.403090
0.762400	1.440000	1.402690
0.762800	1.440000	1.403490
0.763200	1.440000	1.403090
0.763600	1.440000	1.402890
0.764000	1.440000	1.403290
0.764400	1.440000	1.403290
0.764800	1.440000	1.403290
0.765200	1.440000	1.402890
0.765600	1.440000	1.403090
0.766000	1.440000	1.402890
0.766400	1.520000	1.402490
0.766800	1.520000	1.402690
0.767200	1.440000	1.402690
0.767600	1.440000	1.402890
0.768000	1.440000	1.402490
0.768400	1.440000	1.402690
0.768800	1.440000	1.402290
0.769200	1.440000	1.401690
0.769600	1.520000	1.400490
0.770000	1.520000	1.398690
0.770400	1.520000	1.397089
0.770800	1.440000	1.395089
0.771200	1.520000	1.393289
0.771600	1.520000	1.392689
0.772000	1.520000	1.392089
0.772400	1.520000	1.392689
0.772800	1.520000	1.393089
0.773200	1.520000	1.393889
0.773600	1.520000	1.394489
0.774000	1.520000	1.395489
0.774400	1.520000	1.396089
0.774800	1.520000	1.396689
0.775200	1.520000	1.397089
0.775600	1.520000	1.397689
0.776000	1.520000	1.398289
0.776400	1.520000	1.398489
0.776800	1.520000	1.399090
0.777200	1.520000	1.399090
0.777600	1.520000	1.399290
0.778000	1.520000	1.399890
0.778400	1.520000	1.400090
0.778800	1.520000	1.400290
0.779200	1.520000	1.400690
0.779600	1.520000	1.400690
0.780000	1.520000	1.401290
0.780400	1.520000	1.400490
0.780800	1.520000	1.401290
0.781200	1.520000	1.401490
0.781600	1.520000	1.401490
0.782000	1.520000	1.401690
0.782400	1.520000	1.401890
0.782800	1.520000	1.401690
0.783200	1.520000	1.401690
0.783600	1.520000	1.402090
0.784000	1.520000	1.402090
0.784400	1.600000	1.402090
0.784800	1.600000	1.402090
0.785200	1.520000	1.402290
0.785600	1.520000	1.402490
0.786000	1.520000	1.402290
0.786400	1.600000	1.402290
0.786800	1.600000	1.402490
0.787200	1.600000	1.402490
0.787600	1.600000	1.402490
0.788000	1.600000	1.402690
0.788400	1.600000	1.402490
0.788800	1.600000	1.402290
0.789200	1.600000	1.402490
0.789600	1.600000	1.403090
0.790000	1.600000	1.402490
0.790400	1.600000	1.402890
0.790800	1.600000	1.402490
0.791200	1.600000	1.402890
0.791600	1.600000	1.402890
0.792000	1.600000	1.402690
0.792400	1.600000	1.403090
0.792800	1.600000	1.402890
0.793200	1.600000	1.402890
0.793600	1.600000	1.403290
0.794000	1.600000	1.402890
0.794400	1.600000	1.403290
0.794800	1.600000	1.403090
0.795200	1.600000	1.402890
0.795600	1.600000	1.402890
0.796000	1.600000	1.402690
0.796400	1.600000	1.403090
0.796800	1.600000	1.403290
0.797200	1.600000	1.402890
0.797600	1.600000	1.402890
0.798000	1.600000	1.402890
0.798400	1.600000	1.403090
0.798800	1.600000	1.402690
0.799200	1.600000	1.402890
0.799600	1.600000	1.402890
0.800000	1.600000	1.403090
0.800400	1.680000	1.403290
0.800800	1.600000	1.403290
0.801200	1.680000	1.403290
0.801600	1.680000	1.402890
0.802000	1.600000	1.402890
0.802400	1.680000	1.403090
0.802800	1.680000	1.402890
0.803200	1.680000	1.403290
0.803600	1.680000	1.402690
0.804000	1.680000	1.403090
0.804400	1.680000	1.403090
0.804800	1.680000	1.402890
0.805200	1.680000	1.403490
0.805600	1.680000	1.403090
0.806000	1.680000	1.403090
0.806400	1.680000	1.403090
0.806800	1.680000	1.402890
0.807200	1.680000	1.403290
0.807600	1.680000	1.403090
0.808000	1.680000	1.403290
0.808400	1.680000	1.402890
0.808800	1.680000	1.403090
0.809200	1.680000	1.403290
0.809600	1.680000	1.403290
0.810000	1.680000	1.403290
0.810400	1.680000	1.403090
0.810800	1.680000	1.403090
0.811200	1.680000	1.403290
0.811600	1.680000	1.403090
0.812000	1.680000	1.403090
0.812400	1.680000	1.402890
0.812800	1.680000	1.403490
0.813200	1.680000	1.403290
0.813600	1.680000	1.403090
0.814000	1.680000	1.403090
0.814400	1.680000	1.403090
0.814800	1.680000	1.403090
0.815200	1.680000	1.403090
0.815600	1.680000	1.402890
0.816000	1.680000	1.403290
0.816400	1.680000	1.403290
0.816800	1.680000	1.403490
0.817200	1.760000	1.402690
0.817600	1.760000	1.403490
0.818000	1.680000	1.403290
0.818400	1.760000	1.403290
0.818800	1.760000	1.403290
0.819200	1.760000	1.403090
0.819600	1.760000	1.403490
0.820000	1.760000	1.403090
0.820400	1.760000	1.403490
0.820800	1.760000	1.403090
0.821200	1.760000	1.403490
0.821600	1.760000	1.403490
0.822000	1.760000	1.402890
0.822400	1.760000	1.403290
0.822800	1.760000	1.403290
0.823200	1.760000	1.403490
0.823600	1.760000	1.403490
0.824000	1.760000	1.403490
0.824400	1.760000	1.403490
0.824800	1.760000	1.402890
0.825200	1.760000	1.403090
0.825600	1.760000	1.403290
0.826000	1.760000	1.403490
0.826400	1.760000	1.403290
0.826800	1.760000	1.403290
0.827200	1.760000	1.402890
0.827600	1.760000	1.403690
0.828000	1.760000	1.403090
0.828400	1.760000	1.403090
0.828800	1.760000	1.403090
0.829200	1.760000	1.403690
0.829600	1.760000	1.403090
0.830000	1.760000	1.403490
0.830400	1.760000	1.403690
0.830800	1.760000	1.403290
0.831200	1.760000	1.403490
0.831600	1.760000	1.403090
0.832000	1.760000	1.403290
0.832400	1.760000	1.403290
0.832800	1.840000	1.403290
0.833200	1.840000	1.403690
0.833600	1.840000	1.403090
0.834000	1.840000	1.403690
0.834400	1.840000	1.403490
0.834800	1.840000	1.403490
0.835200	1.840000	1.403090
0.835600	1.840000	1.402890
0.836000	1.840000	1.403490
0.836400	1.840000	1.403290
0.836800	1.840000	1.403690
0.837200	1.840000	1.403490
0.837600	1.840000	1.403490
0.838000	1.840000	1.404090
0.838400	1.840000	1.403290
0.838800	1.840000	1.403690
0.839200	1.840000	1.403490
0.839600	1.840000	1.403490
0.840000	1.840000	1.403490
0.840400	1.840000	1.403490
0.840800	1.840000	1.403490
0.841200	1.840000	1.403490
0.841600	1.840000	1.403290
0.842000	1.840000	1.403490
0.842400	1.840000	1.403490
0.842800	1.840000	1.403490
0.843200	1.840000	1.403490
0.843600	1.840000	1.403490
0.844000	1.840000	1.403490
0.844400	1.840000	1.403690
0.844800	1.840000	1.403490
0.845200	1.840000	1.403490
0.845600	1.840000	1.403490
0.846000	1.840000	1.403290
0.846400	1.840000	1.403690
0.846800	1.840000	1.403290
0.847200	1.840000	1.403290
0.847600	1.840000	1.403490
0.848000	1.840000	1.403690
0.848400	1.840000	1.403490
0.848800	1.840000	1.403090
0.849200	1.840000	1.403490
0.849600	1.920000	1.403690
0.850000	1.840000	1.403290
0.850400	1.920000	1.403690
0.850800	1.920000	1.403090
0.851200	1.840000	1.403690
0.851600	1.920000	1.403290
0.852000	1.920000	1.403490
0.852400	1.920000	1.403690
0.852800	1.920000	1.403490
0.853200	1.920000	1.403690
0.853600	1.920000	1.403690
0.854000	1.920000	1.403890
0.854400	1.920000	1.403290
0.854800	1.920000	1.403490
0.855200	1.920000	1.403890
0.855600	1.920000	1.403490
0.856000	1.920000	1.403290
0.856400	1.920000	1.403690
0.856800	1.920000	1.403690
0.857200	1.920000	1.403690
0.857600	1.920000	1.403290
0.858000	1.920000	1.403690
0.858400	1.920000	1.403490
0.858800	1.920000	1.403690
0.859200	1.920000	1.403490
0.859600	1.920000	1.403690
0.860000	1.920000	1.403690
0.860400	1.920000	1.403290
0.860800	1.920000	1.403690
0.861200	1.920000	1.403490
0.861600	2.000000	1.403290
0.862000	1.920000	1.404090
0.862400	1.920000	1.403490
0.862800	2.000000	1.403890
0.863200	1.920000	1.403490
0.863600	2.000000	1.403690
0.864000	2.000000	1.403690
0.864400	2.000000	1.403490
0.864800	2.000000	1.403690
0.865200	2.000000	1.403890
0.865600	2.000000	1.403690
0.866000	2.000000	1.403690
0.866400	2.000000	1.403690
0.866800	2.000000	1.403890
0.867200	2.000000	1.403490
0.867600	2.000000	1.403890
0.868000	2.000000	1.403290
0.868400	2.000000	1.403890
0.868800	2.000000	1.403490
0.869200	2.000000	1.403290
0.869600	2.000000	1.404090
0.870000	2.000000	1.403290
0.870400	2.000000	1.403890
0.870800	2.000000	1.403490
0.871200	2.000000	1.403690
0.871600	2.000000	1.403690
0.872000	2.000000	1.403490
0.872400	2.000000	1.404090
0.872800	2.000000	1.403690
0.873200	2.000000	1.403690
0.873600	2.000000	1.403890
0.874000	2.000000	1.403490
0.874400	2.000000	1.403690
0.874800	2.000000	1.403490
0.875200	2.000000	1.403290
0.875600	2.000000	1.403690
0.876000	2.000000	1.403290
0.876400	2.000000	1.403690
0.876800	2.000000	1.403490
0.877200	2.000000	1.403890
0.877600	2.000000	1.403690
0.878000	2.000000	1.403290
0.878400	2.000000	1.403690
0.878800	2.000000	1.403490
0.879200	2.000000	1.403890
0.879600	2.080000	1.403490
0.880000	2.000000	1.403690
0.880400	2.000000	1.403890
0.880800	2.000000	1.403690
0.881200	2.000000	1.403890
0.881600	2.080000	1.403290
0.882000	2.000000	1.403690
0.882400	2.000000	1.403490
0.882800	2.080000	1.403890
0.883200	2.000000	1.403690
0.883600	2.080000	1.403890
0.884000	2.080000	1.403690
0.884400	2.080000	1.403690
0.884800	2.080000	1.403690
0.885200	2.080000	1.403690
0.885600	2.080000	1.403890
0.886000	2.080000	1.403690
0.886400	2.080000	1.403890
0.886800	2.080000	1.403890
0.887200	2.080000	1.403490
0.887600	2.080000	1.403890
0.888000	2.080000	1.403890
0.888400	2.080000	1.403890
0.888800	2.080000	1.404090
0.889200	2.080000	1.403890
0.889600	2.080000	1.403890
0.890000	2.080000	1.403890
0.890400	2.080000	1.403690
0.890800	2.160000	1.404090
0.891200	2.080000	1.403890
0.891600	2.080000	1.403890
0.892000	2.080000	1.404090
0.892400	2.080000	1.403890
0.892800	2.080000	1.403890
0.893200	2.080000	1.403690
0.893600	2.080000	1.403690
0.894000	2.160000	1.403890
0.894400	2.160000	1.403890
0.894800	2.080000	1.404490
0.895200	2.160000	1.404090
0.895600	2.160000	1.403890
0.896000	2.160000	1.403690
0.896400	2.160000	1.403690
0.896800	2.160000	1.403690
0.897200	2.160000	1.403690
0.897600	2.160000	1.403890
0.898000	2.160000	1.403890
0.898400	2.160000	1.403890
0.898800	2.160000	1.403890
0.899200	2.160000	1.403690
0.899600	2.160000	1.403690
0.900000	2.160000	1.403890
0.900400	2.160000	1.403890
0.900800	2.160000	1.404090
0.901200	2.160000	1.404090
0.901600	2.160000	1.403690
0.902000	2.160000	1.403690
0.902400	2.160000	1.403890
0.902800	2.160000	1.403890
0.903200	2.160000	1.404090
0.903600	2.160000	1.403890
0.904000	2.160000	1.403890
0.904400	2.160000	1.404290
0.904800	2.160000	1.403290
0.905200	2.160000	1.404090
0.905600	2.160000	1.403890
0.906000	2.160000	1.403890
0.906400	2.160000	1.403890
0.906800	2.160000	1.403890
0.907200	2.160000	1.404090
0.907600	2.160000	1.404290
0.908000	2.160000	1.403890
0.908400	2.160000	1.403890
0.908800	2.160000	1.403890
0.909200	2.160000	1.403890
0.909600	2.240000	1.403690
0.910000	2.160000	1.403690
0.910400	2.160000	1.403890
0.910800	2.160000	1.404090
0.911200	2.240000	1.404090
0.911600	2.160000	1.404090
0.912000	2.240000	1.404290
0.912400	2.240000	1.403890
0.912800	2.240000	1.404290
0.913200	2.240000	1.404090
0.913600	2.240000	1.403890
0.914000	2.240000	1.404090
0.914400	2.240000	1.403890
0.914800	2.240000	1.403890
0.915200	2.240000	1.403490
0.915600	2.240000	1.404090
0.916000	2.240000	1.403690
0.916400	2.240000	1.403490
0.916800	2.240000	1.404490
0.917200	2.240000	1.404090
0.917600	2.240000	1.404290
0.918000	2.240000	1.404090
0.918400	2.240000	1.403690
0.918800	2.240000	1.403890
0.919200	2.240000	1.404090
0.919600	2.240000	1.404090
0.920000	2.240000	1.404090
0.920400	2.240000	1.404290
0.920800	2.240000	1.404290
0.921200	2.240000	1.403890
0.921600	2.240000	1.404090
0.922000	2.240000	1.404290
0.922400	2.240000	1.404090
0.922800	2.240000	1.403890
0.923200	2.240000	1.404090
0.923600	2.320000	1.404090
0.924000	2.320000	1.404090
0.924400	2.240000	1.403890
0.924800	2.240000	1.404090
0.925200	2.240000	1.404090
0.925600	2.320000	1.404090
0.926000	2.320000	1.404090
0.926400	2.320000	1.404290
0.926800	2.320000	1.404290
0.927200	2.320000	1.404290
0.927600	2.320000	1.403890
0.928000	2.320000	1.404290
0.928400	2.320000	1.404090
0.928800	2.320000	1.404090
0.929200	2.320000	1.404290
0.929600	2.320000	1.403890
0.930000	2.320000	1.404090
0.930400	2.320000	1.404290
0.930800	2.240000	1.404290
0.931200	2.320000	1.404290
0.931600	2.320000	1.404090
0.932000	2.320000	1.404090
0.932400	2.320000	1.404290
0.932800	2.320000	1.404290
0.933200	2.320000	1.404090
0.933600	2.320000	1.403890
0.934000	2.320000	1.404490
0.934400	2.320000	1.404290
0.934800	2.320000	1.403890
0.935200	2.320000	1.404290
0.935600	2.320000	1.404290
0.936000	2.320000	1.404290
0.936400	2.320000	1.404490
0.936800	2.320000	1.403890
0.937200	2.320000	1.404090
0.937600	2.320000	1.404090
0.938000	2.320000	1.403890
0.938400	2.320000	1.403890
0.938800	2.320000	1.404290
0.939200	2.320000	1.404290
0.939600	2.320000	1.403890
0.940000	2.400000	1.404290
0.940400	2.320000	1.404290
0.940800	2.320000	1.404090
0.941200	2.320000	1.404290
0.941600	2.400000	1.404290
0.942000	2.400000	1.404090
0.942400	2.320000	1.404290
0.942800	2.400000	1.404290
0.943200	2.400000	1.404290
0.943600	2.400000	1.404090
0.944000	2.400000	1.404890
0.944400	2.400000	1.403890
0.944800	2.400000	1.403890
0.945200	2.400000	1.403890
0.945600	2.400000	1.404090
0.946000	2.400000	1.404090
0.946400	2.400000	1.404690
0.946800	2.400000	1.404290
0.947200	2.400000	1.404090
0.947600	2.400000	1.404090
0.948000	2.400000	1.404090
0.948400	2.400000	1.404090
0.948800	2.400000	1.403890
0.949200	2.400000	1.403890
0.949600	2.400000	1.404090
0.950000	2.400000	1.403890
0.950400	2.400000	1.404290
0.950800	2.400000	1.404290
0.951200	2.400000	1.404290
0.951600	2.400000	1.404090
0.952000	2.400000	1.404290
0.952400	2.400000	1.404490
0.952800	2.400000	1.404290
0.953200	2.400000	1.404690
0.953600	2.400000	1.404090
0.954000	2.400000	1.404090
0.954400	2.400000	1.404290
0.954800	2.400000	1.404090
0.955200	2.400000	1.404290
0.955600	2.400000	1.404490
0.956000	2.480000	1.404490
0.956400	2.400000	1.404690
0.956800	2.400000	1.404490
0.957200	2.400000	1.404690
0.957600	2.400000	1.404290
0.958000	2.480000	1.404090
0.958400	2.400000	1.404090
0.958800	2.400000	1.404490
0.959200	2.480000	1.404490
0.959600	2.480000	1.404090
0.960000	2.480000	1.404490
0.960400	2.480000	1.404090
0.960800	2.480000	1.404690
0.961200	2.480000	1.404690
0.961600	2.480000	1.404090
0.962000	2.480000	1.404690
0.962400	2.480000	1.404090
0.962800	2.480000	1.404490
0.963200	2.480000	1.404290
0.963600	2.480000	1.404490
0.964000	2.480000	1.404490
0.964400	2.480000	1.404090
0.964800	2.480000	1.404490
0.965200	2.480000	1.404090
0.965600	2.480000	1.404690
0.966000	2.480000	1.404690
0.966400	2.480000	1.404290
0.966800	2.480000	1.404690
0.967200	2.480000	1.403690
0.967600	2.480000	1.404690
0.968000	2.480000	1.404490
0.968400	2.480000	1.404490
0.968800	2.480000	1.404490
0.969200	2.480000	1.404090
0.969600	2.560000	1.404090
0.970000	2.480000	1.404290
0.970400	2.480000	1.404490
0.970800	2.480000	1.404490
0.971200	2.480000	1.404490
0.971600	2.560000	1.404690
0.972000	2.560000	1.404090
0.972400	2.560000	1.404490
0.972800	2.560000	1.404290
0.973200	2.560000	1.404090
0.973600	2.560000	1.404290
0.974000	2.480000	1.404490
0.974400	2.560000	1.404690
0.974800	2.560000	1.404290
0.975200	2.560000	1.404490
0.975600	2.560000	1.404490
0.976000	2.560000	1.404290
0.976400	2.560000	1.404490
0.976800	2.560000	1.404490
0.977200	1.520000	1.404290
0.977600	-2.880000	1.404290
0.978000	-2.800000	1.403890
0.978400	-2.800000	1.402490
0.978800	-2.720000	1.402090
0.979200	-2.720000	1.401290
0.979600	-2.640000	1.386489
0.980000	-2.640000	1.371088
0.980400	-2.640000	1.373888
0.980800	-2.560000	1.376888
0.981200	-2.560000	1.380088
0.981600	-2.560000	1.382088
0.982000	-2.560000	1.384489
0.982400	-2.560000	1.386289
0.982800	-2.480000	1.387889
0.983200	-2.480000	1.390089
0.983600	-2.480000	1.390889
0.984000	-2.480000	1.392089
0.984400	-2.480000	1.393089
0.984800	-2.480000	1.394289
0.985200	-2.480000	1.395289
0.985600	-2.400000	1.395889
0.986000	-2.400000	1.396689
0.986400	-2.400000	1.396889
0.986800	-2.400000	1.398089
0.987200	-2.400000	1.398289
0.987600	-2.400000	1.398690
0.988000	-2.400000	1.399290
0.988400	-2.400000	1.399490
0.988800	-2.400000	1.400090
0.989200	-2.400000	1.400090
0.989600	-2.400000	1.400690
0.990000	-2.400000	1.400890
0.990400	-2.400000	1.401290
0.990800	-2.400000	1.401690
0.991200	-2.400000	1.401490
0.991600	-2.320000	1.402490
0.992000	-2.400000	1.402090
0.992400	-2.320000	1.402290
0.992800	-2.400000	1.402490
0.993200	-2.400000	1.402290
0.993600	-2.400000	1.402690
0.994000	-2.400000	1.403090
0.994400	-2.320000	1.402890
0.994800	-2.320000	1.402690
0.995200	-2.320000	1.402890
0.995600	-2.320000	1.403490
0.996000	-2.320000	1.403090
0.996400	-2.320000	1.403490
0.996800	-2.320000	1.403490
0.997200	-2.320000	1.403690
0.997600	-2.320000	1.403490
0.998000	-2.320000	1.403890
0.998400	-2.320000	1.404290
0.998800	-2.320000	1.404090
0.999200	-2.320000	1.403890
0.999600	-2.320000	1.403890
