0.000000	1.600000	1.401890
0.000400	1.600000	1.402090
0.000800	1.600000	1.401490
0.001200	1.600000	1.402090
0.001600	1.600000	1.402490
0.002000	1.600000	1.402090
0.002400	1.600000	1.402090
0.002800	1.600000	1.402290
0.003200	1.600000	1.402090
0.003600	1.600000	1.402290
0.004000	1.600000	1.402090
0.004400	1.600000	1.402090
0.004800	1.600000	1.402090
0.005200	1.600000	1.401890
0.005600	1.600000	1.402090
0.006000	1.600000	1.402290
0.006400	1.600000	1.402290
0.006800	1.600000	1.402490
0.007200	1.600000	1.402490
0.007600	1.600000	1.402090
0.008000	1.600000	1.402490
0.008400	1.600000	1.402090
0.008800	1.600000	1.402490
0.009200	1.600000	1.402490
0.009600	1.600000	1.402090
0.010000	1.600000	1.401890
0.010400	1.600000	1.402090
0.010800	1.600000	1.402090
0.011200	1.600000	1.402290
0.011600	1.600000	1.402290
0.012000	1.680000	1.402290
0.012400	1.600000	1.402490
0.012800	1.600000	1.402090
0.013200	1.680000	1.402090
0.013600	1.680000	1.402090
0.014000	1.680000	1.402290
0.014400	1.600000	1.402090
0.014800	1.680000	1.401690
0.015200	1.680000	1.402090
0.015600	1.680000	1.401890
0.016000	-1.840000	1.401890
0.016400	-1.760000	1.400090
0.016800	-1.760000	1.399690
0.017200	-1.680000	1.399690
0.017600	-1.680000	1.398890
0.018000	-1.680000	1.390689
0.018400	-1.680000	1.375688
0.018800	-1.680000	1.375688
0.019200	-1.600000	1.375688
0.019600	-1.600000	1.378088
0.020000	-1.600000	1.380688
0.020400	-1.600000	1.383089
0.020800	-1.600000	1.385089
0.021200	-1.600000	1.386289
0.021600	-1.600000	1.387689
0.022000	-1.600000	1.388889
0.022400	-1.600000	1.390289
0.022800	-1.600000	1.391289
0.023200	-1.520000	1.392089
0.023600	-1.520000	1.393089
0.024000	-1.520000	1.394089
0.024400	-1.520000	1.394689
0.024800	-1.520000	1.395289
0.025200	-1.520000	1.395289
0.025600	-1.520000	1.386089
0.026000	-1.520000	1.385889
0.026400	-1.520000	1.388289
0.026800	-1.520000	1.389489
0.027200	-1.520000	1.390889
0.027600	-1.520000	1.392289
0.028000	-1.520000	1.393289
0.028400	-1.520000	1.394489
0.028800	-1.520000	1.394889
0.029200	-1.520000	1.395689
0.029600	-1.520000	1.396289
0.030000	-1.520000	1.397089
0.030400	-1.520000	1.397289
0.030800	-1.520000	1.397889
0.031200	-1.520000	1.398289
0.031600	-1.520000	1.399090
0.032000	-1.520000	1.399290
0.032400	-1.520000	1.399290
0.032800	-1.520000	1.399290
0.033200	-1.520000	1.399890
0.033600	-1.520000	1.399690
0.034000	-1.520000	1.400290
0.034400	-1.440000	1.400290
0.034800	-1.520000	1.400490
0.035200	-1.440000	1.400890
0.035600	-1.440000	1.401090
0.036000	-1.520000	1.401290
0.036400	-1.440000	1.400890
0.036800	-1.440000	1.401090
0.037200	-1.440000	1.401290
0.037600	-1.440000	1.401490
0.038000	-1.440000	1.401490
0.038400	-1.440000	1.401690
0.038800	-1.440000	1.401890
0.039200	-1.440000	1.401890
0.039600	-1.440000	1.401690
0.040000	-1.520000	1.402090
0.040400	-1.440000	1.401690
0.040800	-1.440000	1.402090
0.041200	-1.440000	1.401890
0.041600	-1.440000	1.401890
0.042000	-1.440000	1.402290
0.042400	-1.440000	1.401890
0.042800	-1.440000	1.401690
0.043200	-1.440000	1.401690
0.043600	-1.440000	1.402090
0.044000	-1.440000	1.401690
0.044400	-1.440000	1.402290
0.044800	-1.440000	1.402090
0.045200	-1.440000	1.402090
0.045600	-1.440000	1.402290
0.046000	-1.440000	1.402690
0.046400	-1.440000	1.402290
0.046800	-1.440000	1.402490
0.047200	-1.440000	1.402490
0.047600	-1.440000	1.402290
0.048000	-1.440000	1.402090
0.048400	-1.440000	1.402490
0.048800	-1.440000	1.402490
0.049200	-1.440000	1.402290
0.049600	-1.440000	1.402090
0.050000	-1.440000	1.402490
0.050400	-1.440000	1.402290
0.050800	-1.440000	1.402290
0.051200	-1.440000	1.402690
0.051600	-1.440000	1.402290
0.052000	-1.440000	1.402490
0.052400	-1.440000	1.401890
0.052800	-1.440000	1.402490
0.053200	-1.440000	1.402490
0.053600	-1.440000	1.402490
0.054000	-1.440000	1.402090
0.054400	-1.440000	1.402490
0.054800	-1.440000	1.402490
0.055200	-1.440000	1.402090
0.055600	-1.440000	1.401890
0.056000	-1.440000	1.402690
0.056400	-1.440000	1.402290
0.056800	-1.440000	1.401890
0.057200	-1.440000	1.402490
0.057600	-1.440000	1.402290
0.058000	-1.440000	1.402290
0.058400	-1.440000	1.402290
0.058800	-1.440000	1.402090
0.059200	-1.440000	1.402090
0.059600	-1.440000	1.402290
0.060000	-1.440000	1.402490
0.060400	-1.440000	1.402290
0.060800	-1.360000	1.402290
0.061200	-1.360000	1.402290
0.061600	-1.440000	1.402290
0.062000	-1.440000	1.402090
0.062400	-1.440000	1.402290
0.062800	-1.360000	1.402290
0.063200	-1.440000	1.402090
0.063600	-1.360000	1.402290
0.064000	-1.360000	1.402290
0.064400	-1.360000	1.402290
0.064800	-1.360000	1.402090
0.065200	-1.360000	1.402090
0.065600	-1.360000	1.402090
0.066000	-1.360000	1.401890
0.066400	-1.360000	1.401490
0.066800	-1.360000	1.401290
0.067200	-1.360000	1.400290
0.067600	-1.360000	1.400490
0.068000	-1.360000	1.399490
0.068400	-1.360000	1.398089
0.068800	-1.360000	1.397289
0.069200	-1.360000	1.395889
0.069600	-1.360000	1.394689
0.070000	-1.360000	1.394089
0.070400	-1.360000	1.393289
0.070800	-1.360000	1.392689
0.071200	-1.360000	1.392889
0.071600	-1.360000	1.392689
0.072000	-1.360000	1.393289
0.072400	-1.360000	1.393889
0.072800	-1.360000	1.394489
0.073200	-1.360000	1.395489
0.073600	-1.360000	1.395689
0.074000	-1.360000	1.395889
0.074400	-1.360000	1.396889
0.074800	-1.360000	1.397289
0.075200	-1.360000	1.397689
0.075600	-1.360000	1.398089
0.076000	-1.360000	1.397889
0.076400	-1.360000	1.398690
0.076800	-1.360000	1.398289
0.077200	-1.360000	1.398890
0.077600	-1.360000	1.399090
0.078000	-1.360000	1.399890
0.078400	-1.360000	1.399890
0.078800	-1.360000	1.399890
0.079200	-1.360000	1.400290
0.079600	-1.360000	1.400490
0.080000	-1.360000	1.400890
0.080400	-1.360000	1.400890
0.080800	-1.280000	1.400690
0.081200	-1.360000	1.400890
0.081600	-1.360000	1.400890
0.082000	-1.360000	1.400890
0.082400	-1.280000	1.401090
0.082800	-1.280000	1.401290
0.083200	-1.360000	1.401290
0.083600	-1.280000	1.401290
0.084000	-1.280000	1.401290
0.084400	-1.360000	1.401490
0.084800	-1.280000	1.401490
0.085200	-1.360000	1.401890
0.085600	-1.280000	1.401890
0.086000	-1.280000	1.401690
0.086400	-1.280000	1.402090
0.086800	-1.280000	1.402290
0.087200	-1.280000	1.401890
0.087600	-1.280000	1.402090
0.088000	-1.280000	1.401890
0.088400	-1.280000	1.401890
0.088800	-1.280000	1.401890
0.089200	-1.280000	1.402290
0.089600	-1.280000	1.402090
0.090000	-1.280000	1.402090
0.090400	-1.280000	1.402090
0.090800	-1.280000	1.402090
0.091200	-1.280000	1.402290
0.091600	-1.280000	1.401890
0.092000	-1.280000	1.402090
0.092400	-1.280000	1.402090
0.092800	-1.280000	1.402090
0.093200	-1.280000	1.401890
0.093600	-1.280000	1.402090
0.094000	-1.280000	1.402490
0.094400	-1.280000	1.401890
0.094800	-1.280000	1.402290
0.095200	-1.280000	1.402090
0.095600	-1.280000	1.402090
0.096000	-1.280000	1.402490
0.096400	-1.280000	1.402290
0.096800	-1.280000	1.402090
0.097200	-1.280000	1.402090
0.097600	-1.280000	1.402090
0.098000	-1.280000	1.402290
0.098400	-1.280000	1.402090
0.098800	-1.280000	1.402290
0.099200	-1.280000	1.402290
0.099600	-1.280000	1.402290
0.100000	-1.280000	1.402290
0.100400	-1.280000	1.402290
0.100800	-1.280000	1.402290
0.101200	-1.280000	1.401890
0.101600	-1.280000	1.402090
0.102000	-1.280000	1.402090
0.102400	-1.280000	1.402290
0.102800	-1.280000	1.401890
0.103200	-1.280000	1.402090
0.103600	-1.280000	1.402490
0.104000	-1.280000	1.401890
0.104400	-1.280000	1.402490
0.104800	-1.280000	1.402090
0.105200	-1.280000	1.402290
0.105600	-1.280000	1.402290
0.106000	-1.280000	1.402090
0.106400	-1.200000	1.402290
0.106800	-1.280000	1.402090
0.107200	-1.280000	1.402290
0.107600	-1.280000	1.402290
0.108000	-1.280000	1.402290
0.108400	-1.200000	1.402490
0.108800	-1.280000	1.402290
0.109200	-1.200000	1.402290
0.109600	-1.280000	1.402490
0.110000	-1.200000	1.401890
0.110400	-1.280000	1.402090
0.110800	-1.200000	1.402290
0.111200	-1.200000	1.402090
0.111600	-1.280000	1.402490
0.112000	-1.280000	1.402490
0.112400	-1.200000	1.402290
0.112800	-1.200000	1.402290
0.113200	-1.280000	1.402290
0.113600	-1.200000	1.402290
0.114000	-1.200000	1.402290
0.114400	-1.200000	1.402290
0.114800	-1.200000	1.402490
0.115200	-1.200000	1.402290
0.115600	-1.200000	1.402290
0.116000	-1.200000	1.402090
0.116400	-1.200000	1.401890
0.116800	-1.200000	1.402290
0.117200	-1.200000	1.401890
0.117600	-1.200000	1.402490
0.118000	-1.200000	1.402490
0.118400	-1.200000	1.401890
0.118800	-1.200000	1.402090
0.119200	-1.200000	1.402090
0.119600	-1.200000	1.402090
0.120000	-1.200000	1.402490
0.120400	-1.200000	1.401890
0.120800	-1.200000	1.402290
0.121200	-1.200000	1.402490
0.121600	-1.200000	1.401890
0.122000	-1.200000	1.402090
0.122400	-1.200000	1.402090
0.122800	-1.200000	1.402490
0.123200	-1.200000	1.402090
0.123600	-1.200000	1.402090
0.124000	-1.200000	1.402290
0.124400	-1.200000	1.401890
0.124800	-1.200000	1.402290
0.125200	-1.200000	1.402090
0.125600	-1.200000	1.402690
0.126000	-1.120000	1.402290
0.126400	-1.200000	1.402090
0.126800	-1.200000	1.402290
0.127200	-1.200000	1.402290
0.127600	-1.200000	1.401890
0.128000	-1.200000	1.402090
0.128400	-1.200000	1.401890
0.128800	-1.200000	1.402090
0.129200	-1.200000	1.401890
0.129600	-1.200000	1.402290
0.130000	-1.200000	1.402090
0.130400	-1.200000	1.401890
0.130800	-1.120000	1.401890
0.131200	-1.120000	1.401890
0.131600	-1.120000	1.401690
0.132000	-1.120000	1.402290
0.132400	-1.120000	1.402090
0.132800	-1.120000	1.401690
0.133200	-1.120000	1.402090
0.133600	-1.120000	1.402290
0.134000	-1.120000	1.402090
0.134400	-1.120000	1.401890
0.134800	-1.120000	1.402290
0.135200	-1.120000	1.402290
0.135600	-1.120000	1.402690
0.136000	-1.120000	1.402290
0.136400	-1.120000	1.402090
0.136800	-1.120000	1.402090
0.137200	-1.120000	1.402290
0.137600	-1.120000	1.402090
0.138000	-1.120000	1.402090
0.138400	-1.120000	1.402090
0.138800	-1.120000	1.402090
0.139200	-1.120000	1.402290
0.139600	-1.120000	1.402090
0.140000	-1.120000	1.402290
0.140400	-1.120000	1.402090
0.140800	-1.120000	1.401890
0.141200	-1.120000	1.402090
0.141600	-1.120000	1.401890
0.142000	-1.120000	1.402090
0.142400	-1.120000	1.402490
0.142800	-1.120000	1.402090
0.143200	-1.120000	1.401690
0.143600	-1.120000	1.402290
0.144000	-1.120000	1.402090
0.144400	-1.120000	1.402290
0.144800	-1.120000	1.402090
0.145200	-1.120000	1.402290
0.145600	-1.120000	1.401890
0.146000	-1.120000	1.402090
0.146400	-1.120000	1.402090
0.146800	-1.120000	1.402090
0.147200	-1.120000	1.401890
0.147600	-1.120000	1.402090
0.148000	-1.120000	1.402290
0.148400	-1.120000	1.402090
0.148800	-1.120000	1.402290
0.149200	-1.120000	1.401890
0.149600	-1.120000	1.402290
0.150000	-1.120000	1.401890
0.150400	-1.120000	1.402090
0.150800	-1.120000	1.402290
0.151200	-1.120000	1.402090
0.151600	-1.120000	1.402290
0.152000	-1.120000	1.402090
0.152400	-1.120000	1.402090
0.152800	-1.120000	1.401890
0.153200	-1.120000	1.402090
0.153600	-1.120000	1.402090
0.154000	-1.120000	1.402290
0.154400	-1.120000	1.402290
0.154800	-1.120000	1.402290
0.155200	-1.040000	1.402090
0.155600	-1.120000	1.402290
0.156000	-1.040000	1.402090
0.156400	-1.120000	1.401890
0.156800	-1.120000	1.402290
0.157200	-1.120000	1.402290
0.157600	-1.120000	1.402090
0.158000	-1.040000	1.402090
0.158400	-1.040000	1.402290
0.158800	-1.040000	1.402090
0.159200	-1.040000	1.402290
0.159600	-1.040000	1.401890
0.160000	-1.040000	1.402290
0.160400	-1.120000	1.402490
0.160800	-1.040000	1.402290
0.161200	-1.120000	1.402290
0.161600	-1.040000	1.401690
0.162000	-1.040000	1.402290
0.162400	-1.040000	1.402090
0.162800	-1.040000	1.401890
0.163200	-1.040000	1.401690
0.163600	-1.040000	1.402090
0.164000	-1.040000	1.402290
0.164400	-1.040000	1.401890
0.164800	-1.040000	1.401890
0.165200	-1.040000	1.401690
0.165600	-1.040000	1.402090
0.166000	-1.040000	1.402090
0.166400	-1.040000	1.401890
0.166800	-1.040000	1.402290
0.167200	-1.040000	1.401890
0.167600	-1.040000	1.402090
0.168000	-1.040000	1.402090
0.168400	-1.040000	1.402090
0.168800	-1.040000	1.402090
0.169200	-1.040000	1.402290
0.169600	-1.040000	1.402090
0.170000	-1.040000	1.401890
0.170400	-1.040000	1.402290
0.170800	-1.040000	1.402290
0.171200	-1.040000	1.402090
0.171600	-1.040000	1.401890
0.172000	-1.040000	1.402090
0.172400	-1.040000	1.401690
0.172800	-1.040000	1.402090
0.173200	-1.040000	1.402090
0.173600	-1.040000	1.402090
0.174000	-1.040000	1.401890
0.174400	-1.040000	1.402290
0.174800	-1.040000	1.401890
0.175200	-1.040000	1.402090
0.175600	-1.040000	1.401890
0.176000	-1.040000	1.402090
0.176400	-1.040000	1.401690
0.176800	-1.040000	1.401890
0.177200	-1.040000	1.402090
0.177600	-1.040000	1.401690
0.178000	-0.960000	1.401890
0.178400	-1.040000	1.402090
0.178800	-1.040000	1.401890
0.179200	-1.040000	1.401890
0.179600	-1.040000	1.402290
0.180000	-1.040000	1.402290
0.180400	-1.040000	1.402090
0.180800	-1.040000	1.402290
0.181200	-1.040000	1.402090
0.181600	-1.040000	1.402090
0.182000	-0.960000	1.401690
0.182400	-1.040000	1.402090
0.182800	-0.960000	1.401690
0.183200	-1.040000	1.402090
0.183600	-0.960000	1.402290
0.184000	-0.960000	1.401890
0.184400	-0.960000	1.402290
0.184800	-0.960000	1.402090
0.185200	-0.960000	1.402090
0.185600	-0.960000	1.401890
0.186000	-0.960000	1.402290
0.186400	-0.960000	1.402090
0.186800	-0.960000	1.402090
0.187200	-0.960000	1.401890
0.187600	-0.960000	1.401690
0.188000	-0.960000	1.401890
0.188400	-0.960000	1.401890
0.188800	-0.960000	1.402290
0.189200	-0.960000	1.401890
0.189600	-0.960000	1.401890
0.190000	-0.960000	1.401890
0.190400	-0.960000	1.402090
0.190800	-0.960000	1.401490
0.191200	-0.960000	1.402090
0.191600	-0.960000	1.401890
0.192000	-0.960000	1.401890
0.192400	-0.960000	1.402090
0.192800	-0.960000	1.401690
0.193200	-0.960000	1.401890
0.193600	-0.960000	1.402290
0.194000	-0.960000	1.401890
0.194400	-0.960000	1.402090
0.194800	-0.960000	1.401890
0.195200	-0.960000	1.402090
0.195600	-0.960000	1.402090
0.196000	-0.960000	1.401890
0.196400	-0.960000	1.401890
0.196800	-0.960000	1.402090
0.197200	-0.960000	1.401890
0.197600	-0.960000	1.401690
0.198000	-0.960000	1.402090
0.198400	-0.960000	1.401890
0.198800	-0.960000	1.401690
0.199200	-0.960000	1.402090
0.199600	-0.960000	1.402290
0.200000	-0.960000	1.401890
0.200400	-0.960000	1.401890
0.200800	-0.960000	1.402090
0.201200	-0.960000	1.402290
0.201600	-0.960000	1.402090
0.202000	-0.960000	1.401890
0.202400	-0.960000	1.402090
0.202800	-0.960000	1.401890
0.203200	-0.960000	1.402090
0.203600	-0.960000	1.402090
0.204000	-0.960000	1.401890
0.204400	-0.960000	1.401690
0.204800	-0.880000	1.401690
0.205200	-0.960000	1.401890
0.205600	-0.880000	1.401490
0.206000	-0.960000	1.401690
0.206400	-0.960000	1.401890
0.206800	-0.880000	1.401890
0.207200	-0.960000	1.402090
0.207600	-0.880000	1.402290
0.208000	-0.880000	1.401690
0.208400	-0.960000	1.401690
0.208800	-0.880000	1.401690
0.209200	-0.880000	1.401690
0.209600	-0.880000	1.401890
0.210000	-0.960000	1.401890
0.210400	-0.880000	1.401690
0.210800	-0.880000	1.401290
0.211200	-0.960000	1.401090
0.211600	-0.880000	1.400290
0.212000	-0.880000	1.399690
0.212400	-0.880000	1.398690
0.212800	-0.960000	1.398289
0.213200	-0.880000	1.397689
0.213600	-0.880000	1.397289
0.214000	-0.880000	1.398089
0.214400	-0.880000	1.398289
0.214800	-0.880000	1.398089
0.215200	-0.880000	1.398690
0.215600	-0.880000	1.399090
0.216000	-0.880000	1.399290
0.216400	-0.880000	1.399490
0.216800	-0.880000	1.399890
0.217200	-0.880000	1.400290
0.217600	-0.880000	1.400090
0.218000	-0.880000	1.400290
0.218400	-0.880000	1.400490
0.218800	-0.880000	1.400890
0.219200	-0.880000	1.400490
0.219600	-0.880000	1.400690
0.220000	-0.880000	1.401090
0.220400	-0.880000	1.400690
0.220800	-0.880000	1.401290
0.221200	-0.880000	1.401090
0.221600	-0.880000	1.401490
0.222000	-0.880000	1.401490
0.222400	-0.800000	1.401090
0.222800	-0.800000	1.401290
0.223200	-0.880000	1.401290
0.223600	-0.880000	1.401490
0.224000	-0.880000	1.401690
0.224400	-0.800000	1.401290
0.224800	-0.880000	1.401890
0.225200	-0.800000	1.401490
0.225600	-0.880000	1.401290
0.226000	-0.880000	1.401690
0.226400	-0.800000	1.401290
0.226800	-0.880000	1.401490
0.227200	-0.800000	1.401890
0.227600	-0.880000	1.401890
0.228000	-0.800000	1.401690
0.228400	-0.880000	1.401890
0.228800	-0.880000	1.401690
0.229200	-0.800000	1.401890
0.229600	-0.800000	1.401890
0.230000	-0.800000	1.401490
0.230400	-0.800000	1.401890
0.230800	-0.800000	1.401490
0.231200	-0.800000	1.401690
0.231600	-0.800000	1.401890
0.232000	-0.800000	1.401890
0.232400	-0.800000	1.401690
0.232800	-0.800000	1.401890
0.233200	-0.800000	1.402090
0.233600	-0.800000	1.401890
0.234000	-0.800000	1.401690
0.234400	-0.800000	1.401890
0.234800	-0.800000	1.402090
0.235200	-0.800000	1.401490
0.235600	-0.800000	1.401890
0.236000	-0.800000	1.401890
0.236400	-0.800000	1.402090
0.236800	-0.800000	1.401690
0.237200	-0.800000	1.402090
0.237600	-0.800000	1.401690
0.238000	-0.800000	1.401890
0.238400	-0.800000	1.401890
0.238800	-0.800000	1.401690
0.239200	-0.800000	1.401490
0.239600	-0.800000	1.402090
0.240000	-0.800000	1.401690
0.240400	-0.800000	1.401490
0.240800	-0.800000	1.402090
0.241200	-0.800000	1.401890
0.241600	-0.800000	1.401690
0.242000	-0.800000	1.401690
0.242400	-0.800000	1.401690
0.242800	-0.800000	1.401890
0.243200	-0.800000	1.401690
0.243600	-0.800000	1.401690
0.244000	-0.800000	1.401890
0.244400	-0.800000	1.401890
0.244800	-0.800000	1.401690
0.245200	-0.800000	1.401690
0.245600	-0.800000	1.401690
0.246000	-0.800000	1.401890
0.246400	-0.800000	1.401890
0.246800	-0.800000	1.401690
0.247200	-0.800000	1.401690
0.247600	-0.800000	1.401890
0.248000	-0.800000	1.401690
0.248400	-0.800000	1.401490
0.248800	-0.800000	1.401690
0.249200	-0.800000	1.401490
0.249600	-0.800000	1.401490
0.250000	-0.800000	1.401690
0.250400	-0.800000	1.401690
0.250800	-0.800000	1.401690
0.251200	-0.800000	1.401690
0.251600	-0.800000	1.401890
0.252000	-0.800000	1.401690
0.252400	-0.800000	1.401490
0.252800	-0.720000	1.402090
0.253200	-0.800000	1.401490
0.253600	-0.800000	1.401690
0.254000	-0.800000	1.401490
0.254400	-0.800000	1.401490
0.254800	-0.800000	1.401690
0.255200	-0.800000	1.401490
0.255600	-0.720000	1.401690
0.256000	-0.800000	1.401490
0.256400	-0.800000	1.401690
0.256800	-0.800000	1.401490
0.257200	-0.720000	1.401690
0.257600	-0.800000	1.402090
0.258000	-0.800000	1.401690
0.258400	-0.720000	1.402090
0.258800	-0.720000	1.401690
0.259200	-0.720000	1.401690
0.259600	-0.800000	1.401890
0.260000	-0.720000	1.402090
0.260400	-0.720000	1.402090
0.260800	-0.720000	1.401490
0.261200	-0.720000	1.401890
0.261600	-0.720000	1.401890
0.262000	-0.720000	1.401690
0.262400	-0.720000	1.401690
0.262800	-0.720000	1.402090
0.263200	-0.720000	1.401690
0.263600	-0.720000	1.401690
0.264000	-0.720000	1.401690
0.264400	-0.720000	1.401490
0.264800	-0.720000	1.401890
0.265200	-0.720000	1.401890
0.265600	-0.720000	1.401490
0.266000	-0.720000	1.401690
0.266400	-0.720000	1.401490
0.266800	-0.720000	1.401490
0.267200	-0.720000	1.401490
0.267600	-0.720000	1.401690
0.268000	-0.720000	1.401490
0.268400	-0.720000	1.401890
0.268800	-0.720000	1.401890
0.269200	-0.720000	1.401690
0.269600	-0.720000	1.401890
0.270000	-0.720000	1.402090
0.270400	-0.720000	1.401890
0.270800	-0.720000	1.401690
0.271200	-0.720000	1.401690
0.271600	-0.720000	1.401490
0.272000	-0.720000	1.401490
0.272400	-0.720000	1.401890
0.272800	-0.640000	1.402090
0.273200	-0.720000	1.401890
0.273600	-0.720000	1.401890
0.274000	-0.720000	1.401890
0.274400	-0.720000	1.401690
0.274800	-0.640000	1.401490
0.275200	-0.640000	1.401490
0.275600	-0.720000	1.401890
0.276000	-0.640000	1.401090
0.276400	-0.720000	1.401890
0.276800	-0.640000	1.401690
0.277200	-0.640000	1.401890
0.277600	-0.640000	1.401690
0.278000	-0.640000	1.401490
0.278400	-0.640000	1.401490
0.278800	-0.640000	1.401290
0.279200	-0.720000	1.401690
0.279600	-0.640000	1.401690
0.280000	-0.640000	1.401690
0.280400	-0.640000	1.401690
0.280800	-0.640000	1.401490
0.281200	-0.640000	1.401690
0.281600	-0.640000	1.401690
0.282000	-0.640000	1.401690
0.282400	-0.640000	1.401690
0.282800	-0.640000	1.401690
0.283200	-0.640000	1.402090
0.283600	-0.640000	1.401890
0.284000	-0.640000	1.401690
0.284400	-0.640000	1.401890
0.284800	-0.640000	1.401690
0.285200	-0.640000	1.401890
0.285600	-0.640000	1.401290
0.286000	-0.640000	1.401490
0.286400	-0.640000	1.401490
0.286800	-0.640000	1.401290
0.287200	-0.640000	1.401690
0.287600	-0.640000	1.401290
0.288000	-0.640000	1.401690
0.288400	-0.640000	1.402090
0.288800	-0.640000	1.401490
0.289200	-0.640000	1.401290
0.289600	-0.640000	1.401690
0.290000	-0.640000	1.401490
0.290400	-0.640000	1.401690
0.290800	-0.640000	1.401490
0.291200	-0.640000	1.402090
0.291600	-0.640000	1.401690
0.292000	-0.640000	1.402090
0.292400	-0.640000	1.401490
0.292800	-0.640000	1.401490
0.293200	-0.640000	1.401690
0.293600	-0.640000	1.401490
0.294000	-0.640000	1.401290
0.294400	-0.640000	1.401490
0.294800	-0.640000	1.401490
0.295200	-0.640000	1.401690
0.295600	-0.640000	1.401490
0.296000	-0.640000	1.401890
0.296400	-0.640000	1.401490
0.296800	-0.640000	1.401290
0.297200	-0.640000	1.401290
0.297600	-0.640000	1.401690
0.298000	-0.640000	1.401490
0.298400	-0.640000	1.401690
0.298800	-0.640000	1.402090
0.299200	-0.640000	1.401490
0.299600	-0.640000	1.401490
0.300000	-0.640000	1.401490
0.300400	-0.640000	1.401490
0.300800	-0.640000	1.401890
0.301200	-0.640000	1.401690
0.301600	-0.640000	1.401290
0.302000	-0.640000	1.401490
0.302400	-0.560000	1.401690
0.302800	-0.640000	1.401890
0.303200	-0.560000	1.401690
0.303600	-0.640000	1.401690
0.304000	-0.560000	1.401690
0.304400	-0.640000	1.401490
0.304800	-0.560000	1.401690
0.305200	-0.560000	1.401290
0.305600	-0.560000	1.401690
0.306000	-0.560000	1.401490
0.306400	-0.560000	1.401490
0.306800	-0.640000	1.401490
0.307200	-0.560000	1.401690
0.307600	-0.560000	1.401490
0.308000	-0.560000	1.401490
0.308400	-0.560000	1.401490
0.308800	-0.560000	1.401490
0.309200	-0.560000	1.401690
0.309600	-0.560000	1.401890
0.310000	-0.560000	1.401490
0.310400	-0.560000	1.401290
0.310800	-0.560000	1.401490
0.311200	-0.560000	1.401690
0.311600	-0.560000	1.401490
0.312000	-0.560000	1.401690
0.312400	-0.560000	1.401690
0.312800	-0.560000	1.401490
0.313200	-0.560000	1.401690
0.313600	-0.560000	1.401690
0.314000	-0.560000	1.401290
0.314400	-0.560000	1.401690
0.314800	-0.560000	1.401490
0.315200	-0.560000	1.401690
0.315600	-0.560000	1.401490
0.316000	-0.560000	1.401690
0.316400	-0.560000	1.401290
0.316800	-0.560000	1.401690
0.317200	-0.560000	1.401490
0.317600	-0.560000	1.401690
0.318000	-0.560000	1.401890
0.318400	-0.560000	1.401490
0.318800	-0.560000	1.401890
0.319200	-0.560000	1.401290
0.319600	-0.480000	1.401490
0.320000	-0.560000	1.401290
0.320400	-0.560000	1.401090
0.320800	-0.480000	1.401490
0.321200	-0.560000	1.401290
0.321600	-0.480000	1.401490
0.322000	-0.560000	1.401290
0.322400	-0.480000	1.401090
0.322800	-0.480000	1.401290
0.323200	-0.480000	1.401290
0.323600	-0.560000	1.401490
0.324000	-0.480000	1.401690
0.324400	-0.480000	1.401090
0.324800	-0.560000	1.401290
0.325200	-0.480000	1.401290
0.325600	-0.480000	1.401290
0.326000	-0.480000	1.401490
0.326400	-0.480000	1.401490
0.326800	-0.480000	1.401490
0.327200	-0.480000	1.401290
0.327600	-0.480000	1.401290
0.328000	-0.480000	1.401090
0.328400	-0.480000	1.401290
0.328800	-0.480000	1.401490
0.329200	-0.480000	1.401490
0.329600	-0.480000	1.401290
0.330000	-0.480000	1.401490
0.330400	-0.480000	1.401490
0.330800	-0.480000	1.401290
0.331200	-0.480000	1.401090
0.331600	-0.480000	1.401690
0.332000	-0.480000	1.401490
0.332400	-0.480000	1.401490
0.332800	-0.480000	1.401290
0.333200	-0.480000	1.401290
0.333600	-0.480000	1.401090
0.334000	-0.480000	1.401290
0.334400	-0.480000	1.401490
0.334800	-0.480000	1.401290
0.335200	-0.480000	1.401290
0.335600	-0.480000	1.401090
0.336000	-0.480000	1.401490
0.336400	-0.480000	1.401290
0.336800	-0.480000	1.401290
0.337200	-0.480000	1.401290
0.337600	-0.480000	1.401290
0.338000	-0.480000	1.400690
0.338400	-0.480000	1.401690
0.338800	-0.480000	1.401290
0.339200	-0.480000	1.401290
0.339600	-0.480000	1.401490
0.340000	-0.480000	1.401290
0.340400	-0.480000	1.401290
0.340800	-0.400000	1.401090
0.341200	-0.480000	1.401290
0.341600	-0.480000	1.401490
0.342000	-0.480000	1.401290
0.342400	-0.480000	1.401290
0.342800	-0.480000	1.401290
0.343200	-0.480000	1.401490
0.343600	-0.400000	1.401090
0.344000	-0.480000	1.401090
0.344400	-0.480000	1.401290
0.344800	-0.400000	1.401490
0.345200	-0.480000	1.401290
0.345600	-0.400000	1.401690
0.346000	-0.400000	1.401490
0.346400	-0.480000	1.401090
0.346800	-0.400000	1.401090
0.347200	-0.480000	1.401090
0.347600	-0.400000	1.401290
0.348000	-0.480000	1.401290
0.348400	-0.400000	1.401090
0.348800	-0.400000	1.401290
0.349200	-0.400000	1.401090
0.349600	-0.400000	1.401490
0.350000	-0.400000	1.401090
0.350400	-0.400000	1.401290
0.350800	-0.400000	1.401090
0.351200	-0.400000	1.401290
0.351600	-0.400000	1.400690
0.352000	-0.400000	1.400890
0.352400	-0.400000	1.400890
0.352800	-0.400000	1.401690
0.353200	-0.400000	1.401290
0.353600	-0.400000	1.401090
0.354000	-0.400000	1.401090
0.354400	-0.400000	1.401090
0.354800	-0.400000	1.401290
0.355200	-0.400000	1.401290
0.355600	-0.400000	1.401290
0.356000	-0.400000	1.400890
0.356400	-0.400000	1.400890
0.356800	-0.400000	1.401490
0.357200	-0.400000	1.401290
0.357600	-0.400000	1.401490
0.358000	-0.400000	1.401490
0.358400	-0.400000	1.401090
0.358800	-0.400000	1.401290
0.359200	-0.400000	1.401490
0.359600	-0.400000	1.401290
0.360000	-0.400000	1.400890
0.360400	-0.400000	1.401090
0.360800	-0.400000	1.400890
0.361200	-0.400000	1.401490
0.361600	-0.400000	1.401090
0.362000	-0.400000	1.400690
0.362400	-0.400000	1.401090
0.362800	-0.400000	1.400890
0.363200	-0.400000	1.400890
0.363600	-0.400000	1.400890
0.364000	-0.400000	1.401490
0.364400	-0.400000	1.401090
0.364800	-0.400000	1.400890
0.365200	-0.400000	1.400890
0.365600	-0.400000	1.401090
0.366000	-0.400000	1.400690
0.366400	-0.400000	1.400890
0.366800	-0.400000	1.401290
0.367200	-0.400000	1.400890
0.367600	-0.400000	1.400890
0.368000	-0.400000	1.400690
0.368400	-0.400000	1.401090
0.368800	-0.320000	1.400690
0.369200	-0.400000	1.401090
0.369600	-0.320000	1.400690
0.370000	-0.400000	1.400890
0.370400	-0.400000	1.400890
0.370800	-0.320000	1.400890
0.371200	-0.320000	1.400690
0.371600	-0.320000	1.400890
0.372000	-0.320000	1.400890
0.372400	-0.400000	1.400690
0.372800	-0.320000	1.400890
0.373200	-0.400000	1.401090
0.373600	-0.320000	1.401290
0.374000	-0.320000	1.400890
0.374400	-0.320000	1.400490
0.374800	-0.400000	1.400890
0.375200	-0.320000	1.401090
0.375600	-0.320000	1.400890
0.376000	-0.320000	1.400490
0.376400	-0.320000	1.400890
0.376800	-0.320000	1.400690
0.377200	-0.320000	1.400490
0.377600	-0.320000	1.400690
0.378000	-0.320000	1.401090
0.378400	-0.320000	1.400890
0.378800	-0.320000	1.400890
0.379200	-0.320000	1.400690
0.379600	-0.320000	1.400890
0.380000	-0.320000	1.401090
0.380400	-0.320000	1.400890
0.380800	-0.320000	1.400690
0.381200	-0.320000	1.400690
0.381600	-0.320000	1.400890
0.382000	-0.320000	1.400690
0.382400	-0.320000	1.400690
0.382800	-0.320000	1.400490
0.383200	-0.320000	1.400690
0.383600	-0.320000	1.400690
0.384000	-0.320000	1.400690
0.384400	-0.320000	1.400890
0.384800	-0.320000	1.400690
0.385200	-0.320000	1.400490
0.385600	-0.320000	1.400490
0.386000	-0.320000	1.400890
0.386400	-0.320000	1.400690
0.386800	-0.320000	1.400290
0.387200	-0.320000	1.400890
0.387600	-0.320000	1.400290
0.388000	-0.320000	1.400490
0.388400	-0.320000	1.400290
0.388800	-0.320000	1.400690
0.389200	-0.320000	1.400290
0.389600	-0.320000	1.400490
0.390000	-0.320000	1.400490
0.390400	-0.320000	1.400690
0.390800	-0.320000	1.400090
0.391200	-0.320000	1.400690
0.391600	-0.320000	1.400490
0.392000	-0.320000	1.400490
0.392400	-0.320000	1.400490
0.392800	-0.320000	1.400490
0.393200	-0.320000	1.400490
0.393600	-0.320000	1.400290
0.394000	-0.320000	1.400290
0.394400	-0.320000	1.400090
0.394800	-0.320000	1.400290
0.395200	-0.320000	1.400090
0.395600	-0.240000	1.400290
0.396000	-0.240000	1.400490
0.396400	-0.320000	1.400690
0.396800	-0.240000	1.400290
0.397200	-0.240000	1.400490
0.397600	-0.240000	1.400090
0.398000	-0.240000	1.400090
0.398400	-0.320000	1.400890
0.398800	-0.240000	1.400290
0.399200	-0.240000	1.400290
0.399600	-0.240000	1.400490
0.400000	-0.240000	1.400090
0.400400	-0.240000	1.400290
0.400800	-0.240000	1.400690
0.401200	-0.240000	1.400090
0.401600	-0.240000	1.400090
0.402000	-0.240000	1.400290
0.402400	-0.320000	1.400290
0.402800	-0.240000	1.400090
0.403200	-0.240000	1.400090
0.403600	-0.240000	1.400090
0.404000	-0.240000	1.400490
0.404400	-0.240000	1.399890
0.404800	-0.320000	1.400290
0.405200	-0.240000	1.399890
0.405600	-0.240000	1.400090
0.406000	-0.240000	1.400090
0.406400	-0.240000	1.399890
0.406800	-0.240000	1.399890
0.407200	-0.240000	1.399890
0.407600	-0.240000	1.400090
0.408000	-0.240000	1.399890
0.408400	-0.240000	1.400090
0.408800	-0.240000	1.400090
0.409200	-0.240000	1.400090
0.409600	-0.240000	1.400090
0.410000	-0.240000	1.399890
0.410400	-0.240000	1.399890
0.410800	-0.240000	1.399890
0.411200	-0.240000	1.399690
0.411600	-0.240000	1.399290
0.412000	-0.240000	1.399890
0.412400	-0.240000	1.399890
0.412800	-0.240000	1.399890
0.413200	-0.240000	1.399890
0.413600	-0.240000	1.400090
0.414000	-0.240000	1.399690
0.414400	-0.240000	1.399490
0.414800	-0.240000	1.399490
0.415200	-0.240000	1.399490
0.415600	-0.240000	1.399490
0.416000	-0.240000	1.399490
0.416400	-0.240000	1.399290
0.416800	-0.240000	1.399690
0.417200	-0.240000	1.399690
0.417600	-0.240000	1.399490
0.418000	-0.240000	1.399290
0.418400	-0.240000	1.399490
0.418800	-0.240000	1.399290
0.419200	-0.160000	1.399290
0.419600	-0.240000	1.399290
0.420000	-0.240000	1.399490
0.420400	-0.240000	1.399490
0.420800	-0.240000	1.399090
0.421200	-0.240000	1.399490
0.421600	-0.240000	1.399290
0.422000	-0.240000	1.399290
0.422400	-0.240000	1.399290
0.422800	-0.240000	1.399090
0.423200	-0.240000	1.399290
0.423600	-0.240000	1.399090
0.424000	-0.160000	1.399090
0.424400	-0.240000	1.398890
0.424800	-0.160000	1.399290
0.425200	-0.240000	1.399090
0.425600	-0.160000	1.399090
0.426000	-0.160000	1.399090
0.426400	-0.240000	1.398890
0.426800	-0.240000	1.398890
0.427200	-0.160000	1.399090
0.427600	-0.240000	1.398890
0.428000	-0.160000	1.399090
0.428400	-0.160000	1.398890
0.428800	-0.240000	1.399090
0.429200	-0.160000	1.398890
0.429600	-0.160000	1.399090
0.430000	-0.160000	1.398690
0.430400	-0.160000	1.398690
0.430800	-0.160000	1.398890
0.431200	-0.160000	1.398289
0.431600	-0.160000	1.398489
0.432000	-0.160000	1.398690
0.432400	-0.160000	1.398489
0.432800	-0.160000	1.398489
0.433200	-0.160000	1.398289
0.433600	-0.160000	1.398690
0.434000	-0.160000	1.398289
0.434400	-0.160000	1.397889
0.434800	-0.160000	1.398489
0.435200	-0.160000	1.398690
0.435600	-0.160000	1.398089
0.436000	-0.160000	1.398089
0.436400	-0.160000	1.398089
0.436800	-0.160000	1.397889
0.437200	-0.160000	1.398289
0.437600	-0.160000	1.397889
0.438000	-0.160000	1.398489
0.438400	-0.160000	1.397889
0.438800	-0.160000	1.397889
0.439200	-0.160000	1.397889
0.439600	-0.160000	1.397889
0.440000	-0.160000	1.397489
0.440400	-0.160000	1.397689
0.440800	-0.160000	1.397489
0.441200	-0.160000	1.397689
0.441600	-0.160000	1.397489
0.442000	-0.160000	1.397489
0.442400	-0.160000	1.397689
0.442800	-0.160000	1.397489
0.443200	-0.160000	1.397489
0.443600	-0.160000	1.397089
0.444000	-0.160000	1.397289
0.444400	-0.160000	1.397289
0.444800	-0.160000	1.396689
0.445200	-0.080000	1.397089
0.445600	-0.080000	1.397089
0.446000	-0.160000	1.396889
0.446400	-0.160000	1.396689
0.446800	-0.080000	1.396889
0.447200	-0.080000	1.396689
0.447600	-0.160000	1.396689
0.448000	-0.080000	1.396489
0.448400	-0.080000	1.396489
0.448800	-0.080000	1.396889
0.449200	-0.080000	1.396489
0.449600	-0.080000	1.396289
0.450000	-0.080000	1.396489
0.450400	-0.080000	1.396289
0.450800	-0.080000	1.396289
0.451200	-0.080000	1.395889
0.451600	-0.080000	1.395889
0.452000	-0.080000	1.395889
0.452400	-0.080000	1.395889
0.452800	-0.080000	1.395889
0.453200	-0.080000	1.395289
0.453600	-0.080000	1.395889
0.454000	-0.080000	1.395689
0.454400	-0.080000	1.395289
0.454800	-0.080000	1.395489
0.455200	-0.080000	1.395089
0.455600	-0.080000	1.395089
0.456000	-0.080000	1.395089
0.456400	-0.080000	1.394889
0.456800	-0.080000	1.394889
0.457200	-0.080000	1.395089
0.457600	-0.080000	1.394689
0.458000	-0.080000	1.394689
0.458400	-0.080000	1.394889
0.458800	-0.080000	1.394689
0.459200	-0.080000	1.394489
0.459600	-0.080000	1.394889
0.460000	-0.080000	1.394489
0.460400	-0.080000	1.394089
0.460800	-0.080000	1.393889
0.461200	-0.080000	1.393889
0.461600	-0.080000	1.394089
0.462000	-0.080000	1.393489
0.462400	-0.080000	1.393889
0.462800	-0.080000	1.393689
0.463200	-0.080000	1.393489
0.463600	-0.080000	1.393489
0.464000	-0.080000	1.393089
0.464400	-0.080000	1.393289
0.464800	-0.080000	1.392689
0.465200	-0.080000	1.393089
0.465600	-0.080000	1.392889
0.466000	-0.080000	1.392489
0.466400	-0.080000	1.392889
0.466800	-0.080000	1.392489
0.467200	-0.080000	1.391889
0.467600	-0.080000	1.392089
0.468000	-0.080000	1.392089
0.468400	-0.080000	1.391889
0.468800	-0.080000	1.391689
0.469200	0.000000	1.391889
0.469600	-0.080000	1.391289
0.470000	-0.080000	1.390889
0.470400	-0.080000	1.391289
0.470800	-0.080000	1.390889
0.471200	0.000000	1.390689
0.471600	-0.080000	1.390889
0.472000	0.000000	1.390889
0.472400	-0.080000	1.390089
0.472800	0.000000	1.390489
0.473200	0.000000	1.389889
0.473600	0.000000	1.390089
0.474000	-0.080000	1.389689
0.474400	0.000000	1.389689
0.474800	0.000000	1.389489
0.475200	0.000000	1.389089
0.475600	0.000000	1.389089
0.476000	0.000000	1.389289
0.476400	0.000000	1.388689
0.476800	0.000000	1.388689
0.477200	0.000000	1.388489
0.477600	0.000000	1.388489
0.478000	0.000000	1.388489
0.478400	0.000000	1.388489
0.478800	0.000000	1.387889
0.479200	0.000000	1.387889
0.479600	0.000000	1.388089
0.480000	0.000000	1.387689
0.480400	0.000000	1.387889
0.480800	0.000000	1.387089
0.481200	0.000000	1.387289
0.481600	0.000000	1.387089
0.482000	0.000000	1.386689
0.482400	0.000000	1.386689
0.482800	0.000000	1.386289
0.483200	0.000000	1.386089
0.483600	0.000000	1.386089
0.484000	0.000000	1.385289
0.484400	0.000000	1.385689
0.484800	0.000000	1.385689
0.485200	0.000000	1.385289
0.485600	0.000000	1.385289
0.486000	0.000000	1.384689
0.486400	0.000000	1.384889
0.486800	0.000000	1.384689
0.487200	0.000000	1.384489
0.487600	0.000000	1.384689
0.488000	0.000000	1.384489
0.488400	0.000000	1.384489
0.488800	0.000000	1.384089
0.489200	0.000000	1.384089
0.489600	0.000000	1.383889
0.490000	0.000000	1.383689
0.490400	0.000000	1.383489
0.490800	0.000000	1.383489
0.491200	0.000000	1.383289
0.491600	0.000000	1.382888
0.492000	0.080000	1.383089
0.492400	0.080000	1.382888
0.492800	0.080000	1.382888
0.493200	0.080000	1.382488
0.493600	0.080000	1.382488
0.494000	0.080000	1.382488
0.494400	0.080000	1.382688
0.494800	0.000000	1.382688
0.495200	0.080000	1.382288
0.495600	0.080000	1.382088
0.496000	0.080000	1.382488
0.496400	0.080000	1.381888
0.496800	0.080000	1.382288
0.497200	0.080000	1.381888
0.497600	0.080000	1.382288
0.498000	0.000000	1.382488
0.498400	0.080000	1.381888
0.498800	0.080000	1.381688
0.499200	0.080000	1.382088
0.499600	0.080000	1.381888
0.500000	0.080000	1.382088
0.500400	0.080000	1.382088
0.500800	0.080000	1.382088
0.501200	0.080000	1.381888
0.501600	0.080000	1.382088
0.502000	0.080000	1.381688
0.502400	0.080000	1.381888
0.502800	0.080000	1.382088
0.503200	0.080000	1.382288
0.503600	0.080000	1.381888
0.504000	0.080000	1.381888
0.504400	0.080000	1.382088
0.504800	0.080000	1.381888
0.505200	0.080000	1.382288
0.505600	0.080000	1.382288
0.506000	0.080000	1.382288
0.506400	0.080000	1.382288
0.506800	0.080000	1.382688
0.507200	0.080000	1.382688
0.507600	0.080000	1.382688
0.508000	0.080000	1.382688
0.508400	0.080000	1.383089
0.508800	0.080000	1.383089
0.509200	0.080000	1.383489
0.509600	0.080000	1.383289
0.510000	0.080000	1.383289
0.510400	0.080000	1.383489
0.510800	0.080000	1.383689
0.511200	0.080000	1.383489
0.511600	0.080000	1.384089
0.512000	0.080000	1.383689
0.512400	0.080000	1.384089
0.512800	0.080000	1.384089
0.513200	0.080000	1.384289
0.513600	0.080000	1.384489
0.514000	0.080000	1.384689
0.514400	0.160000	1.385289
0.514800	0.080000	1.384889
0.515200	0.080000	1.385289
0.515600	0.080000	1.385489
0.516000	0.080000	1.385489
0.516400	0.080000	1.385489
0.516800	0.080000	1.385689
0.517200	0.080000	1.385489
0.517600	0.080000	1.386289
0.518000	0.080000	1.386289
0.518400	0.160000	1.386089
0.518800	0.080000	1.386289
0.519200	0.080000	1.386289
0.519600	0.080000	1.386289
0.520000	0.160000	1.387089
0.520400	0.160000	1.386889
0.520800	0.160000	1.387089
0.521200	0.160000	1.387289
0.521600	0.160000	1.387489
0.522000	0.160000	1.387489
0.522400	0.080000	1.387889
0.522800	0.160000	1.387489
0.523200	0.160000	1.387889
0.523600	0.160000	1.387889
0.524000	0.160000	1.388289
0.524400	0.160000	1.388089
0.524800	0.160000	1.388489
0.525200	0.160000	1.388689
0.525600	0.160000	1.388489
0.526000	0.160000	1.389489
0.526400	0.160000	1.389289
0.526800	0.160000	1.389489
0.527200	0.160000	1.389089
0.527600	0.160000	1.389689
0.528000	0.160000	1.389689
0.528400	0.160000	1.389489
0.528800	0.160000	1.390289
0.529200	0.160000	1.390089
0.529600	0.160000	1.390289
0.530000	0.160000	1.390489
0.530400	0.160000	1.390089
0.530800	0.160000	1.390889
0.531200	0.160000	1.390689
0.531600	0.160000	1.391089
0.532000	0.160000	1.390889
0.532400	0.160000	1.390889
0.532800	0.160000	1.391489
0.533200	0.160000	1.390889
0.533600	0.160000	1.391289
0.534000	0.160000	1.391689
0.534400	0.160000	1.391489
0.534800	0.160000	1.391489
0.535200	0.160000	1.392089
0.535600	0.160000	1.392289
0.536000	0.160000	1.392289
0.536400	0.160000	1.392089
0.536800	0.160000	1.392489
0.537200	0.160000	1.392089
0.537600	0.160000	1.392489
0.538000	0.160000	1.392889
0.538400	0.160000	1.392689
0.538800	0.160000	1.393089
0.539200	0.240000	1.392889
0.539600	0.160000	1.393289
0.540000	0.240000	1.392889
0.540400	0.240000	1.393689
0.540800	0.240000	1.393089
0.541200	0.160000	1.393289
0.541600	0.240000	1.393489
0.542000	0.240000	1.393489
0.542400	0.240000	1.393489
0.542800	0.240000	1.393689
0.543200	0.240000	1.393689
0.543600	0.160000	1.393689
0.544000	0.240000	1.393889
0.544400	0.240000	1.394089
0.544800	0.240000	1.393889
0.545200	0.240000	1.394289
0.545600	0.240000	1.394289
0.546000	0.240000	1.394489
0.546400	0.240000	1.394289
0.546800	0.240000	1.394489
0.547200	0.240000	1.394489
0.547600	0.240000	1.394689
0.548000	0.240000	1.394689
0.548400	0.240000	1.395089
0.548800	0.240000	1.394889
0.549200	0.240000	1.395289
0.549600	0.240000	1.394689
0.550000	0.240000	1.395089
0.550400	0.240000	1.395289
0.550800	0.240000	1.395289
0.551200	0.240000	1.395489
0.551600	0.240000	1.395289
0.552000	0.240000	1.395289
0.552400	0.240000	1.395489
0.552800	0.240000	1.395089
0.553200	0.240000	1.395289
0.553600	0.240000	1.395489
0.554000	0.240000	1.395689
0.554400	0.240000	1.395689
0.554800	0.240000	1.396089
0.555200	0.240000	1.395689
0.555600	0.240000	1.396089
0.556000	0.240000	1.395889
0.556400	0.240000	1.396089
0.556800	0.240000	1.396089
0.557200	0.240000	1.395889
0.557600	0.240000	1.396489
0.558000	0.240000	1.396289
0.558400	0.240000	1.396089
0.558800	0.240000	1.396289
0.559200	0.240000	1.396089
0.559600	0.240000	1.396689
0.560000	0.240000	1.396489
0.560400	0.240000	1.396889
0.560800	0.240000	1.396689
0.561200	0.240000	1.396689
0.561600	0.240000	1.397089
0.562000	0.240000	1.396889
0.562400	0.240000	1.396489
0.562800	0.240000	1.397289
0.563200	0.240000	1.396689
0.563600	0.240000	1.397089
0.564000	0.320000	1.396889
0.564400	0.240000	1.396889
0.564800	0.240000	1.397089
0.565200	0.320000	1.397089
0.565600	0.240000	1.397289
0.566000	0.240000	1.397089
0.566400	0.320000	1.397289
0.566800	0.240000	1.397489
0.567200	0.240000	1.397489
0.567600	0.320000	1.397289
0.568000	0.320000	1.397689
0.568400	0.320000	1.397489
0.568800	0.240000	1.397489
0.569200	0.320000	1.397689
0.569600	0.320000	1.397689
0.570000	0.240000	1.397689
0.570400	0.320000	1.397889
0.570800	0.320000	1.397689
0.571200	0.320000	1.398289
0.571600	0.320000	1.397689
0.572000	0.320000	1.398089
0.572400	0.320000	1.397889
0.572800	0.320000	1.397689
0.573200	0.320000	1.397889
0.573600	0.320000	1.397889
0.574000	0.320000	1.397889
0.574400	0.320000	1.397889
0.574800	0.320000	1.398089
0.575200	0.320000	1.397889
0.575600	0.320000	1.398089
0.576000	0.320000	1.397889
0.576400	0.320000	1.398089
0.576800	0.320000	1.398089
0.577200	0.320000	1.398289
0.577600	0.320000	1.398489
0.578000	0.320000	1.398089
0.578400	0.320000	1.398289
0.578800	0.320000	1.398489
0.579200	0.320000	1.398089
0.579600	0.320000	1.398289
0.580000	0.320000	1.398489
0.580400	0.320000	1.398289
0.580800	0.320000	1.398289
0.581200	0.320000	1.398489
0.581600	0.320000	1.398690
0.582000	0.320000	1.398489
0.582400	0.320000	1.398489
0.582800	0.320000	1.398890
0.583200	0.320000	1.398690
0.583600	0.320000	1.398289
0.584000	0.320000	1.398690
0.584400	0.320000	1.398690
0.584800	0.320000	1.398690
0.585200	0.320000	1.398489
0.585600	0.320000	1.398690
0.586000	0.320000	1.398690
0.586400	0.320000	1.398890
0.586800	0.320000	1.398890
0.587200	0.320000	1.398690
0.587600	0.320000	1.398890
0.588000	0.320000	1.398690
0.588400	0.400000	1.399290
0.588800	0.320000	1.398690
0.589200	0.320000	1.398690
0.589600	0.320000	1.399090
0.590000	0.400000	1.398890
0.590400	0.320000	1.399090
0.590800	0.320000	1.399090
0.591200	0.320000	1.398690
0.591600	0.320000	1.398690
0.592000	0.400000	1.399090
0.592400	0.320000	1.399290
0.592800	0.400000	1.398890
0.593200	0.320000	1.399090
0.593600	0.400000	1.399090
0.594000	0.320000	1.399090
0.594400	0.400000	1.399290
0.594800	0.400000	1.399090
0.595200	0.400000	1.399090
0.595600	0.400000	1.399290
0.596000	0.320000	1.399490
0.596400	0.400000	1.399490
0.596800	0.400000	1.399290
0.597200	0.400000	1.399490
0.597600	0.400000	1.399090
0.598000	0.400000	1.399490
0.598400	0.400000	1.399290
0.598800	0.400000	1.399290
0.599200	0.400000	1.399290
0.599600	0.400000	1.399290
0.600000	0.400000	1.399690
0.600400	0.400000	1.399290
0.600800	0.400000	1.399290
0.601200	0.400000	1.399290
0.601600	0.400000	1.399490
0.602000	0.400000	1.399290
0.602400	0.400000	1.399490
0.602800	0.400000	1.399290
0.603200	0.400000	1.399690
0.603600	0.400000	1.399890
0.604000	0.400000	1.399690
0.604400	0.400000	1.399490
0.604800	0.400000	1.399690
0.605200	0.400000	1.399490
0.605600	0.400000	1.399490
0.606000	0.400000	1.400090
0.606400	0.400000	1.399490
0.606800	0.400000	1.399690
0.607200	0.400000	1.399690
0.607600	0.400000	1.399890
0.608000	0.400000	1.399890
0.608400	0.400000	1.400090
0.608800	0.400000	1.400090
0.609200	0.400000	1.399890
0.609600	0.400000	1.399690
0.610000	0.400000	1.399690
0.610400	0.400000	1.399890
0.610800	0.400000	1.399690
0.611200	0.400000	1.399290
0.611600	0.400000	1.399890
0.612000	0.400000	1.399890
0.612400	0.400000	1.399890
0.612800	0.400000	1.400290
0.613200	0.400000	1.400090
0.613600	0.400000	1.399690
0.614000	0.400000	1.399890
0.614400	0.400000	1.400090
0.614800	0.400000	1.399890
0.615200	0.400000	1.399690
0.615600	0.400000	1.399890
0.616000	0.400000	1.399690
0.616400	0.400000	1.400090
0.616800	0.400000	1.399690
0.617200	0.400000	1.399890
0.617600	0.400000	1.400090
0.618000	0.400000	1.400090
0.618400	0.400000	1.399890
0.618800	0.400000	1.400290
0.619200	0.400000	1.399890
0.619600	0.400000	1.399890
0.620000	0.480000	1.399890
0.620400	0.400000	1.400290
0.620800	0.480000	1.400290
0.621200	0.400000	1.400090
0.621600	0.400000	1.400090
0.622000	0.480000	1.399890
0.622400	0.480000	1.399890
0.622800	0.480000	1.400090
0.623200	0.400000	1.400090
0.623600	0.480000	1.400090
0.624000	0.480000	1.400090
0.624400	0.480000	1.400090
0.624800	0.480000	1.399890
0.625200	0.480000	1.400090
0.625600	0.480000	1.399890
0.626000	0.480000	1.400490
0.626400	0.480000	1.400090
0.626800	0.480000	1.400090
0.627200	0.480000	1.400290
0.627600	0.480000	1.399890
0.628000	0.480000	1.399890
0.628400	0.480000	1.400090
0.628800	0.480000	1.400090
0.629200	0.480000	1.400290
0.629600	0.480000	1.399890
0.630000	0.480000	1.400290
0.630400	0.480000	1.400090
0.630800	0.480000	1.400090
0.631200	0.480000	1.400090
0.631600	0.480000	1.400290
0.632000	0.480000	1.400290
0.632400	0.480000	1.400090
0.632800	0.480000	1.400090
0.633200	0.480000	1.400090
0.633600	0.480000	1.400490
0.634000	0.480000	1.400490
0.634400	0.480000	1.400090
0.634800	0.480000	1.400290
0.635200	0.480000	1.400290
0.635600	0.480000	1.400090
0.636000	0.480000	1.399890
0.636400	0.480000	1.400690
0.636800	0.480000	1.400690
0.637200	0.480000	1.400290
0.637600	0.480000	1.400890
0.638000	0.480000	1.400490
0.638400	0.480000	1.400290
0.638800	0.480000	1.400290
0.639200	0.480000	1.400690
0.639600	0.560000	1.400690
0.640000	0.480000	1.400290
0.640400	0.480000	1.400690
0.640800	0.480000	1.400290
0.641200	0.560000	1.400090
0.641600	0.480000	1.400490
0.642000	0.480000	1.400090
0.642400	0.560000	1.400490
0.642800	0.560000	1.400690
0.643200	0.560000	1.400490
0.643600	0.560000	1.400690
0.644000	0.560000	1.400290
0.644400	0.560000	1.400690
0.644800	0.560000	1.400090
0.645200	0.560000	1.400490
0.645600	0.560000	1.400490
0.646000	0.560000	1.400490
0.646400	0.560000	1.400690
0.646800	0.560000	1.400690
0.647200	0.560000	1.400490
0.647600	0.560000	1.400290
0.648000	0.560000	1.400690
0.648400	0.560000	1.400690
0.648800	0.560000	1.400290
0.649200	0.560000	1.400490
0.649600	0.560000	1.400890
0.650000	0.560000	1.401090
0.650400	0.560000	1.400290
0.650800	0.560000	1.400490
0.651200	0.560000	1.400690
0.651600	0.560000	1.400290
0.652000	0.560000	1.400890
0.652400	0.560000	1.400890
0.652800	0.560000	1.400690
0.653200	0.560000	1.400690
0.653600	0.560000	1.400490
0.654000	0.560000	1.400690
0.654400	0.560000	1.400490
0.654800	0.560000	1.400490
0.655200	0.560000	1.400690
0.655600	0.560000	1.400690
0.656000	0.560000	1.400490
0.656400	0.560000	1.400690
0.656800	0.560000	1.400890
0.657200	0.560000	1.400690
0.657600	0.560000	1.400690
0.658000	0.560000	1.400890
0.658400	0.560000	1.400690
0.658800	0.560000	1.400690
0.659200	0.560000	1.400490
0.659600	0.640000	1.400690
0.660000	0.640000	1.400690
0.660400	0.560000	1.400890
0.660800	0.640000	1.400490
0.661200	0.640000	1.400490
0.661600	0.640000	1.400690
0.662000	0.560000	1.400890
0.662400	0.640000	1.400890
0.662800	0.640000	1.400690
0.663200	0.640000	1.400690
0.663600	0.640000	1.401090
0.664000	0.640000	1.400690
0.664400	0.640000	1.400690
0.664800	0.640000	1.400490
0.665200	0.640000	1.400690
0.665600	0.640000	1.401090
0.666000	0.640000	1.400490
0.666400	0.640000	1.401090
0.666800	0.640000	1.400890
0.667200	0.640000	1.400690
0.667600	0.640000	1.400890
0.668000	0.640000	1.401090
0.668400	0.640000	1.400690
0.668800	0.640000	1.400490
0.669200	0.640000	1.400890
0.669600	0.640000	1.400690
0.670000	0.640000	1.400890
0.670400	0.640000	1.400890
0.670800	0.640000	1.400890
0.671200	0.640000	1.400690
0.671600	0.640000	1.400890
0.672000	0.640000	1.401090
0.672400	0.640000	1.401090
0.672800	0.640000	1.400890
0.673200	0.640000	1.401290
0.673600	0.640000	1.400890
0.674000	0.640000	1.401290
0.674400	0.640000	1.400690
0.674800	0.640000	1.401090
0.675200	0.640000	1.400890
0.675600	0.640000	1.400890
0.676000	0.640000	1.401090
0.676400	0.640000	1.400890
0.676800	0.640000	1.400890
0.677200	0.640000	1.400890
0.677600	0.640000	1.400690
0.678000	0.640000	1.400890
0.678400	0.640000	1.400890
0.678800	0.640000	1.400890
0.679200	0.640000	1.401090
0.679600	0.640000	1.400890
0.680000	0.640000	1.401090
0.680400	0.640000	1.401090
0.680800	0.640000	1.401090
0.681200	0.640000	1.400890
0.681600	0.640000	1.400490
0.682000	0.640000	1.400890
0.682400	0.640000	1.400890
0.682800	0.640000	1.401090
0.683200	0.640000	1.400890
0.683600	0.640000	1.400890
0.684000	0.640000	1.400890
0.684400	0.640000	1.400890
0.684800	0.640000	1.400690
0.685200	0.640000	1.401090
0.685600	0.640000	1.400890
0.686000	0.640000	1.401090
0.686400	0.720000	1.401090
0.686800	0.640000	1.401090
0.687200	0.720000	1.400890
0.687600	0.640000	1.400890
0.688000	0.640000	1.400890
0.688400	0.640000	1.401290
0.688800	0.720000	1.400890
0.689200	0.640000	1.401290
0.689600	0.720000	1.401290
0.690000	0.720000	1.401090
0.690400	0.640000	1.401290
0.690800	0.720000	1.401090
0.691200	0.720000	1.401090
0.691600	0.640000	1.400690
0.692000	0.720000	1.400690
0.692400	0.640000	1.401290
0.692800	0.720000	1.401090
0.693200	0.720000	1.401290
0.693600	0.720000	1.400690
0.694000	0.720000	1.400890
0.694400	0.720000	1.401290
0.694800	0.720000	1.401090
0.695200	0.720000	1.401290
0.695600	0.720000	1.400890
0.696000	0.720000	1.401090
0.696400	0.720000	1.400890
0.696800	0.720000	1.400890
0.697200	0.720000	1.400890
0.697600	0.720000	1.400890
0.698000	0.720000	1.401090
0.698400	0.720000	1.401290
0.698800	0.720000	1.400890
0.699200	0.720000	1.401290
0.699600	0.720000	1.401090
0.700000	0.720000	1.401290
0.700400	0.720000	1.401490
0.700800	0.720000	1.401090
0.701200	0.720000	1.401290
0.701600	0.720000	1.400890
0.702000	0.720000	1.401090
0.702400	0.720000	1.401290
0.702800	0.720000	1.401290
0.703200	0.720000	1.401290
0.703600	0.720000	1.401090
0.704000	0.720000	1.401290
0.704400	0.800000	1.401090
0.704800	0.720000	1.401090
0.705200	0.800000	1.401490
0.705600	0.720000	1.400890
0.706000	0.720000	1.401090
0.706400	0.720000	1.401090
0.706800	0.800000	1.401290
0.707200	0.720000	1.401090
0.707600	0.720000	1.400890
0.708000	0.720000	1.401090
0.708400	0.800000	1.401090
0.708800	0.720000	1.401290
0.709200	0.720000	1.401290
0.709600	0.800000	1.401290
0.710000	0.720000	1.401090
0.710400	0.800000	1.401290
0.710800	0.720000	1.401690
0.711200	0.800000	1.401090
0.711600	0.800000	1.401090
0.712000	0.800000	1.401490
0.712400	0.800000	1.401490
0.712800	0.800000	1.401290
0.713200	0.800000	1.401090
0.713600	0.800000	1.401090
0.714000	0.800000	1.401490
0.714400	0.800000	1.401290
0.714800	0.800000	1.401290
0.715200	0.800000	1.401490
0.715600	0.800000	1.401090
0.716000	0.800000	1.400890
0.716400	0.800000	1.401090
0.716800	0.800000	1.401690
0.717200	0.800000	1.401090
0.717600	0.800000	1.401090
0.718000	0.800000	1.401090
0.718400	0.800000	1.401290
0.718800	0.800000	1.401290
0.719200	0.800000	1.400890
0.719600	0.800000	1.401290
0.720000	0.800000	1.401090
0.720400	0.800000	1.401090
0.720800	0.800000	1.401290
0.721200	0.800000	1.401090
0.721600	0.800000	1.401090
0.722000	0.800000	1.401290
0.722400	0.800000	1.401090
0.722800	0.800000	1.401090
0.723200	0.800000	1.401290
0.723600	0.800000	1.401490
0.724000	0.800000	1.401290
0.724400	0.800000	1.401290
0.724800	0.800000	1.401290
0.725200	0.800000	1.401090
0.725600	0.800000	1.401290
0.726000	0.800000	1.401490
0.726400	0.800000	1.401290
0.726800	0.800000	1.401490
0.727200	0.800000	1.401090
0.727600	0.800000	1.401090
0.728000	0.800000	1.401490
0.728400	0.800000	1.401490
0.728800	0.800000	1.401490
0.729200	0.800000	1.401290
0.729600	0.800000	1.401290
0.730000	0.800000	1.401290
0.730400	0.880000	1.401290
0.730800	0.800000	1.401690
0.731200	0.800000	1.401490
0.731600	0.800000	1.401090
0.732000	0.800000	1.401490
0.732400	0.800000	1.401290
0.732800	0.800000	1.401490
0.733200	0.800000	1.401290
0.733600	0.800000	1.401090
0.734000	0.800000	1.401090
0.734400	0.880000	1.400890
0.734800	0.880000	1.401490
0.735200	0.800000	1.401090
0.735600	0.800000	1.401290
0.736000	0.880000	1.401490
0.736400	0.880000	1.401090
0.736800	0.880000	1.401290
0.737200	0.880000	1.401290
0.737600	0.800000	1.401490
0.738000	0.800000	1.401090
0.738400	0.880000	1.401490
0.738800	0.880000	1.401690
0.739200	0.880000	1.401290
0.739600	0.880000	1.401690
0.740000	0.880000	1.401290
0.740400	0.880000	1.401290
0.740800	0.880000	1.401490
0.741200	0.880000	1.401090
0.741600	0.880000	1.401490
0.742000	0.880000	1.401090
0.742400	0.880000	1.401290
0.742800	0.880000	1.401490
0.743200	0.880000	1.401090
0.743600	0.880000	1.401290
0.744000	0.880000	1.401090
0.744400	0.880000	1.401290
0.744800	0.880000	1.401290
0.745200	0.880000	1.401690
0.745600	0.880000	1.401290
0.746000	0.880000	1.401690
0.746400	0.880000	1.401490
0.746800	0.880000	1.401290
0.747200	0.880000	1.401490
0.747600	0.880000	1.401490
0.748000	0.880000	1.401490
0.748400	0.880000	1.401490
0.748800	0.880000	1.401290
0.749200	0.880000	1.401490
0.749600	0.880000	1.401690
0.750000	0.880000	1.401490
0.750400	0.880000	1.401690
0.750800	0.880000	1.401690
0.751200	0.880000	1.401490
0.751600	0.880000	1.401290
0.752000	0.880000	1.401490
0.752400	0.880000	1.401690
0.752800	0.880000	1.401090
0.753200	0.880000	1.401490
0.753600	0.880000	1.401490
0.754000	0.960000	1.401690
0.754400	0.960000	1.401290
0.754800	0.880000	1.401490
0.755200	0.880000	1.401690
0.755600	0.880000	1.401490
0.756000	0.960000	1.401690
0.756400	0.880000	1.401290
0.756800	0.960000	1.401890
0.757200	0.960000	1.401690
0.757600	0.960000	1.401090
0.758000	0.880000	1.401490
0.758400	0.960000	1.401290
0.758800	0.960000	1.401490
0.759200	0.960000	1.401490
0.759600	0.960000	1.401490
0.760000	0.960000	1.401690
0.760400	0.960000	1.401490
0.760800	0.960000	1.401490
0.761200	0.960000	1.401690
0.761600	0.960000	1.401490
0.762000	0.960000	1.401690
0.762400	0.960000	1.401490
0.762800	0.960000	1.401490
0.763200	0.960000	1.401490
0.763600	0.960000	1.401690
0.764000	0.960000	1.401490
0.764400	0.960000	1.401690
0.764800	0.960000	1.401690
0.765200	0.960000	1.401490
0.765600	0.960000	1.401690
0.766000	0.960000	1.401490
0.766400	0.960000	1.401490
0.766800	0.960000	1.401290
0.767200	0.960000	1.401290
0.767600	0.960000	1.401690
0.768000	0.960000	1.401290
0.768400	0.960000	1.401890
0.768800	0.960000	1.401490
0.769200	0.960000	1.401690
0.769600	0.960000	1.401690
0.770000	0.960000	1.401290
0.770400	0.960000	1.401490
0.770800	0.960000	1.401690
0.771200	0.960000	1.401290
0.771600	0.960000	1.401690
0.772000	0.960000	1.401290
0.772400	0.960000	1.401690
0.772800	0.960000	1.401890
0.773200	0.960000	1.401490
0.773600	0.960000	1.401090
0.774000	0.960000	1.401490
0.774400	0.960000	1.401690
0.774800	0.960000	1.401490
0.775200	0.960000	1.401690
0.775600	0.960000	1.401690
0.776000	0.960000	1.401490
0.776400	0.960000	1.401490
0.776800	0.960000	1.401690
0.777200	0.960000	1.401490
0.777600	0.960000	1.401490
0.778000	0.960000	1.401690
0.778400	0.960000	1.401690
0.778800	0.960000	1.401490
0.779200	0.960000	1.401690
0.779600	1.040000	1.401490
0.780000	0.960000	1.401090
0.780400	0.960000	1.401890
0.780800	0.960000	1.401490
0.781200	0.960000	1.400890
0.781600	0.960000	1.401490
0.782000	0.960000	1.400890
0.782400	0.960000	1.400290
0.782800	0.960000	1.399490
0.783200	1.040000	1.398289
0.783600	1.040000	1.397489
0.784000	0.960000	1.397089
0.784400	0.960000	1.397289
0.784800	1.040000	1.397689
0.785200	1.040000	1.397889
0.785600	1.040000	1.397889
0.786000	0.960000	1.398489
0.786400	1.040000	1.398890
0.786800	1.040000	1.399290
0.787200	0.960000	1.399890
0.787600	1.040000	1.399490
0.788000	1.040000	1.400090
0.788400	1.040000	1.399890
0.788800	1.040000	1.400290
0.789200	1.040000	1.400290
0.789600	1.040000	1.400490
0.790000	1.040000	1.400490
0.790400	1.040000	1.400690
0.790800	1.040000	1.400690
0.791200	1.040000	1.400690
0.791600	1.040000	1.400890
0.792000	1.040000	1.401090
0.792400	1.040000	1.401090
0.792800	1.040000	1.400890
0.793200	1.040000	1.401090
0.793600	1.040000	1.401490
0.794000	1.040000	1.401290
0.794400	1.040000	1.401690
0.794800	1.040000	1.401290
0.795200	1.040000	1.401490
0.795600	1.040000	1.401290
0.796000	1.040000	1.401290
0.796400	1.040000	1.401490
0.796800	1.040000	1.401490
0.797200	1.040000	1.401490
0.797600	1.040000	1.401890
0.798000	1.040000	1.401490
0.798400	1.040000	1.401890
0.798800	1.040000	1.401490
0.799200	1.040000	1.401890
0.799600	1.040000	1.401490
0.800000	1.040000	1.401690
0.800400	1.040000	1.401690
0.800800	1.040000	1.401890
0.801200	1.040000	1.402090
0.801600	1.040000	1.401690
0.802000	1.040000	1.401490
0.802400	1.040000	1.401490
0.802800	1.040000	1.401890
0.803200	1.040000	1.401890
0.803600	1.040000	1.401290
0.804000	1.040000	1.401490
0.804400	1.040000	1.401890
0.804800	1.040000	1.401690
0.805200	1.040000	1.401490
0.805600	1.040000	1.401690
0.806000	1.040000	1.401490
0.806400	1.040000	1.401490
0.806800	1.040000	1.401690
0.807200	1.120000	1.401290
0.807600	1.040000	1.401890
0.808000	1.040000	1.401490
0.808400	1.040000	1.401290
0.808800	1.040000	1.401690
0.809200	1.040000	1.401690
0.809600	1.040000	1.401890
0.810000	1.040000	1.402090
0.810400	1.040000	1.401890
0.810800	1.040000	1.401490
0.811200	1.040000	1.401690
0.811600	1.040000	1.401890
0.812000	1.120000	1.401890
0.812400	1.120000	1.401690
0.812800	1.040000	1.401690
0.813200	1.040000	1.401890
0.813600	1.120000	1.401690
0.814000	1.120000	1.402090
0.814400	1.120000	1.401890
0.814800	1.120000	1.401690
0.815200	1.120000	1.401690
0.815600	1.120000	1.402290
0.816000	1.120000	1.401890
0.816400	1.120000	1.401890
0.816800	1.120000	1.401690
0.817200	1.120000	1.401890
0.817600	1.120000	1.402090
0.818000	1.120000	1.401690
0.818400	1.120000	1.402090
0.818800	1.120000	1.402090
0.819200	1.120000	1.401890
0.819600	1.120000	1.402290
0.820000	1.120000	1.401890
0.820400	1.120000	1.402290
0.820800	1.120000	1.402090
0.821200	1.120000	1.401890
0.821600	1.120000	1.402090
0.822000	1.120000	1.401890
0.822400	1.120000	1.401890
0.822800	1.120000	1.401890
0.823200	1.120000	1.401690
0.823600	1.120000	1.401890
0.824000	1.120000	1.401490
0.824400	1.120000	1.401690
0.824800	1.120000	1.401690
0.825200	1.120000	1.401890
0.825600	1.120000	1.402090
0.826000	1.120000	1.401490
0.826400	1.120000	1.401690
0.826800	1.120000	1.401690
0.827200	1.120000	1.401890
0.827600	1.120000	1.401890
0.828000	1.120000	1.401890
0.828400	1.120000	1.402090
0.828800	1.120000	1.401690
0.829200	1.120000	1.401890
0.829600	1.120000	1.401890
0.830000	1.120000	1.401890
0.830400	1.120000	1.401690
0.830800	1.120000	1.401690
0.831200	1.120000	1.401690
0.831600	1.120000	1.401690
0.832000	1.120000	1.401690
0.832400	1.120000	1.401490
0.832800	1.120000	1.401490
0.833200	1.120000	1.401890
0.833600	1.120000	1.401490
0.834000	1.120000	1.401890
0.834400	1.120000	1.401490
0.834800	1.120000	1.401690
0.835200	1.120000	1.401890
0.835600	1.120000	1.401890
0.836000	1.120000	1.401690
0.836400	1.120000	1.401690
0.836800	1.120000	1.402090
0.837200	1.200000	1.401890
0.837600	1.120000	1.401890
0.838000	1.120000	1.402490
0.838400	1.200000	1.401690
0.838800	1.120000	1.401890
0.839200	1.200000	1.401690
0.839600	1.120000	1.401690
0.840000	1.200000	1.401890
0.840400	1.120000	1.401690
0.840800	1.200000	1.402090
0.841200	1.200000	1.401890
0.841600	1.200000	1.402090
0.842000	1.200000	1.401890
0.842400	1.200000	1.402090
0.842800	1.200000	1.401690
0.843200	1.200000	1.401890
0.843600	1.200000	1.401890
0.844000	1.200000	1.401890
0.844400	1.200000	1.401690
0.844800	1.200000	1.402090
0.845200	1.200000	1.401490
0.845600	1.200000	1.402090
0.846000	1.200000	1.401890
0.846400	1.200000	1.401890
0.846800	1.200000	1.401890
0.847200	1.200000	1.401690
0.847600	1.200000	1.402090
0.848000	1.200000	1.401890
0.848400	1.200000	1.402090
0.848800	1.200000	1.402090
0.849200	1.200000	1.401890
0.849600	1.200000	1.401890
0.850000	1.200000	1.402090
0.850400	1.200000	1.402090
0.850800	1.200000	1.402090
0.851200	1.200000	1.401890
0.851600	1.200000	1.401490
0.852000	1.200000	1.402090
0.852400	1.200000	1.401890
0.852800	1.200000	1.401890
0.853200	1.200000	1.401890
0.853600	1.200000	1.401890
0.854000	1.200000	1.401890
0.854400	1.200000	1.401890
0.854800	1.200000	1.401690
0.855200	1.200000	1.402090
0.855600	1.200000	1.401890
0.856000	1.200000	1.401890
0.856400	1.200000	1.402090
0.856800	1.200000	1.401890
0.857200	1.200000	1.401890
0.857600	1.200000	1.402090
0.858000	1.200000	1.402090
0.858400	1.280000	1.401690
0.858800	1.200000	1.401690
0.859200	1.200000	1.402290
0.859600	1.200000	1.401890
0.860000	1.280000	1.401890
0.860400	1.280000	1.401890
0.860800	1.280000	1.402090
0.861200	1.280000	1.402090
0.861600	1.280000	1.402090
0.862000	1.280000	1.401890
0.862400	1.280000	1.401890
0.862800	1.280000	1.401890
0.863200	1.280000	1.402090
0.863600	1.280000	1.402090
0.864000	1.280000	1.402290
0.864400	1.280000	1.402090
0.864800	1.280000	1.401890
0.865200	1.280000	1.401890
0.865600	1.280000	1.401890
0.866000	1.280000	1.401890
0.866400	1.280000	1.401490
0.866800	1.280000	1.401890
0.867200	1.280000	1.401690
0.867600	1.280000	1.402090
0.868000	1.280000	1.401690
0.868400	1.280000	1.401890
0.868800	1.280000	1.402090
0.869200	1.280000	1.401690
0.869600	1.280000	1.401690
0.870000	1.280000	1.402090
0.870400	1.280000	1.401690
0.870800	1.280000	1.401690
0.871200	1.280000	1.401890
0.871600	1.280000	1.402090
0.872000	1.280000	1.402290
0.872400	1.280000	1.401890
0.872800	1.280000	1.402290
0.873200	1.280000	1.402090
0.873600	1.280000	1.401890
0.874000	1.280000	1.401890
0.874400	1.280000	1.402090
0.874800	1.280000	1.402090
0.875200	1.280000	1.401890
0.875600	1.280000	1.402090
0.876000	1.280000	1.402090
0.876400	1.280000	1.402290
0.876800	1.280000	1.402090
0.877200	1.280000	1.401690
0.877600	1.280000	1.401890
0.878000	1.280000	1.401690
0.878400	1.280000	1.402090
0.878800	1.280000	1.402290
0.879200	1.280000	1.402090
0.879600	1.280000	1.401890
0.880000	1.280000	1.401890
0.880400	1.280000	1.402090
0.880800	1.280000	1.401890
0.881200	1.280000	1.402290
0.881600	1.280000	1.402090
0.882000	1.360000	1.402290
0.882400	1.280000	1.402090
0.882800	1.280000	1.401490
0.883200	1.280000	1.401890
0.883600	1.360000	1.401490
0.884000	1.280000	1.402090
0.884400	1.360000	1.402090
0.884800	1.280000	1.401490
0.885200	1.280000	1.402490
0.885600	1.280000	1.402090
0.886000	1.280000	1.402290
0.886400	1.280000	1.401890
0.886800	1.360000	1.401890
0.887200	1.360000	1.402090
0.887600	1.360000	1.402290
0.888000	1.360000	1.402290
0.888400	1.280000	1.402090
0.888800	1.360000	1.402290
0.889200	1.360000	1.402290
0.889600	1.360000	1.402090
0.890000	1.280000	1.402090
0.890400	1.360000	1.401890
0.890800	1.360000	1.402090
0.891200	1.360000	1.402090
0.891600	1.360000	1.402090
0.892000	1.360000	1.402090
0.892400	1.360000	1.401890
0.892800	1.360000	1.402090
0.893200	1.360000	1.401890
0.893600	1.360000	1.402090
0.894000	1.360000	1.402090
0.894400	1.360000	1.401890
0.894800	1.360000	1.402090
0.895200	1.360000	1.401690
0.895600	1.360000	1.401890
0.896000	1.360000	1.402090
0.896400	1.360000	1.402090
0.896800	1.360000	1.402290
0.897200	1.360000	1.401890
0.897600	1.360000	1.401690
0.898000	1.360000	1.402090
0.898400	1.360000	1.402290
0.898800	1.360000	1.401890
0.899200	1.360000	1.401890
0.899600	1.360000	1.402290
0.900000	1.360000	1.401890
0.900400	1.440000	1.402090
0.900800	1.360000	1.402090
0.901200	1.360000	1.401890
0.901600	1.360000	1.402090
0.902000	1.360000	1.402490
0.902400	1.360000	1.401890
0.902800	1.440000	1.401890
0.903200	1.360000	1.402290
0.903600	1.360000	1.402090
0.904000	1.360000	1.402090
0.904400	1.360000	1.402490
0.904800	1.360000	1.402090
0.905200	1.360000	1.401890
0.905600	1.440000	1.401890
0.906000	1.440000	1.402490
0.906400	1.440000	1.402090
0.906800	1.360000	1.402090
0.907200	1.440000	1.401690
0.907600	1.360000	1.402090
0.908000	1.440000	1.401890
0.908400	1.360000	1.402090
0.908800	1.440000	1.401890
0.909200	1.360000	1.401890
0.909600	1.360000	1.401690
0.910000	1.440000	1.402290
0.910400	1.440000	1.401890
0.910800	1.440000	1.401890
0.911200	1.440000	1.401890
0.911600	1.440000	1.402090
0.912000	1.360000	1.402290
0.912400	1.440000	1.401690
0.912800	1.440000	1.401890
0.913200	1.440000	1.402490
0.913600	1.440000	1.401890
0.914000	1.440000	1.401890
0.914400	1.440000	1.401890
0.914800	1.440000	1.401690
0.915200	1.440000	1.402090
0.915600	1.440000	1.402090
0.916000	1.440000	1.402090
0.916400	1.440000	1.401690
0.916800	1.440000	1.402090
0.917200	1.440000	1.402290
0.917600	1.440000	1.402290
0.918000	1.440000	1.402090
0.918400	1.440000	1.402490
0.918800	1.440000	1.402090
0.919200	1.440000	1.402090
0.919600	1.440000	1.402290
0.920000	1.440000	1.402090
0.920400	1.440000	1.401690
0.920800	1.440000	1.402290
0.921200	1.440000	1.402290
0.921600	1.440000	1.402090
0.922000	1.520000	1.402090
0.922400	1.440000	1.401890
0.922800	1.440000	1.401890
0.923200	1.440000	1.401690
0.923600	1.440000	1.401890
0.924000	1.440000	1.401490
0.924400	1.440000	1.401090
0.924800	1.440000	1.400490
0.925200	1.440000	1.400290
0.925600	1.520000	1.399490
0.926000	1.440000	1.398489
0.926400	1.440000	1.397489
0.926800	1.440000	1.395889
0.927200	1.520000	1.394689
0.927600	1.440000	1.393889
0.928000	1.520000	1.393089
0.928400	1.520000	1.392689
0.928800	1.520000	1.392689
0.929200	1.520000	1.392889
0.929600	1.520000	1.393689
0.930000	1.520000	1.394289
0.930400	1.520000	1.394889
0.930800	1.520000	1.395089
0.931200	1.520000	1.395489
0.931600	1.520000	1.396289
0.932000	1.520000	1.396689
0.932400	1.520000	1.397289
0.932800	1.520000	1.397689
0.933200	1.520000	1.398089
0.933600	1.520000	1.398690
0.934000	1.520000	1.398690
0.934400	1.520000	1.399090
0.934800	1.520000	1.399290
0.935200	1.520000	1.399490
0.935600	1.520000	1.399490
0.936000	1.520000	1.399890
0.936400	1.520000	1.400090
0.936800	1.520000	1.399690
0.937200	1.520000	1.400490
0.937600	1.520000	1.400690
0.938000	1.520000	1.400690
0.938400	1.520000	1.400490
0.938800	1.520000	1.400890
0.939200	1.520000	1.401090
0.939600	1.520000	1.400690
0.940000	1.520000	1.401090
0.940400	1.520000	1.401290
0.940800	1.520000	1.400890
0.941200	1.520000	1.401290
0.941600	1.520000	1.401490
0.942000	1.520000	1.401690
0.942400	1.520000	1.401290
0.942800	1.520000	1.401690
0.943200	1.520000	1.401290
0.943600	1.520000	1.401690
0.944000	1.520000	1.401690
0.944400	1.520000	1.401490
0.944800	1.520000	1.401490
0.945200	1.520000	1.402090
0.945600	1.520000	1.401690
0.946000	1.520000	1.401890
0.946400	1.520000	1.401890
0.946800	1.520000	1.401890
0.947200	1.520000	1.401490
0.947600	1.520000	1.402090
0.948000	1.520000	1.401890
0.948400	1.520000	1.402090
0.948800	1.520000	1.402090
0.949200	1.520000	1.402090
0.949600	1.520000	1.401890
0.950000	1.520000	1.401890
0.950400	1.520000	1.402290
0.950800	1.520000	1.402090
0.951200	1.520000	1.401890
0.951600	1.520000	1.402490
0.952000	1.600000	1.402090
0.952400	1.600000	1.401890
0.952800	1.520000	1.401890
0.953200	1.520000	1.401890
0.953600	1.520000	1.401890
0.954000	1.600000	1.401890
0.954400	1.600000	1.401890
0.954800	1.520000	1.402090
0.955200	1.600000	1.402290
0.955600	1.600000	1.402290
0.956000	1.600000	1.401890
0.956400	1.600000	1.402090
0.956800	1.600000	1.402090
0.957200	1.600000	1.402290
0.957600	1.600000	1.402090
0.958000	1.600000	1.402090
0.958400	1.600000	1.402090
0.958800	1.600000	1.402290
0.959200	1.600000	1.402290
0.959600	1.600000	1.402290
0.960000	1.600000	1.402090
0.960400	1.600000	1.402490
0.960800	1.600000	1.402090
0.961200	1.600000	1.402490
0.961600	1.600000	1.402290
0.962000	1.600000	1.402690
0.962400	1.600000	1.402290
0.962800	1.600000	1.402090
0.963200	1.600000	1.402690
0.963600	1.600000	1.402290
0.964000	1.600000	1.402490
0.964400	1.600000	1.402290
0.964800	1.600000	1.402490
0.965200	1.600000	1.402490
0.965600	1.600000	1.402290
0.966000	1.600000	1.402090
0.966400	1.600000	1.402290
0.966800	1.600000	1.402290
0.967200	1.600000	1.402090
0.967600	1.600000	1.401890
0.968000	1.600000	1.402490
0.968400	1.600000	1.402290
0.968800	1.600000	1.402090
0.969200	1.600000	1.402490
0.969600	1.600000	1.402690
0.970000	1.600000	1.402090
0.970400	1.600000	1.402290
0.970800	1.600000	1.402490
0.971200	1.600000	1.402290
0.971600	1.600000	1.402490
0.972000	1.600000	1.402690
0.972400	1.600000	1.402290
0.972800	1.600000	1.402290
0.973200	1.600000	1.402490
0.973600	1.600000	1.402290
0.974000	1.600000	1.402290
0.974400	1.600000	1.402290
0.974800	1.600000	1.402490
0.975200	1.680000	1.402290
0.975600	1.680000	1.402490
0.976000	1.680000	1.402290
0.976400	1.600000	1.402290
0.976800	1.600000	1.402290
0.977200	1.440000	1.402490
0.977600	-1.840000	1.401690
0.978000	-1.760000	1.400890
0.978400	-1.760000	1.399890
0.978800	-1.760000	1.399690
0.979200	-1.680000	1.398089
0.979600	-1.680000	1.387089
0.980000	-1.680000	1.375688
0.980400	-1.680000	1.375688
0.980800	-1.600000	1.376288
0.981200	-1.600000	1.379288
0.981600	-1.600000	1.381288
0.982000	-1.600000	1.383089
0.982400	-1.600000	1.385289
0.982800	-1.600000	1.386489
0.983200	-1.600000	1.388089
0.983600	-1.520000	1.389089
0.984000	-1.600000	1.390489
0.984400	-1.600000	1.391889
0.984800	-1.600000	1.392489
0.985200	-1.520000	1.393689
0.985600	-1.520000	1.394289
0.986000	-1.520000	1.394889
0.986400	-1.520000	1.395489
0.986800	-1.520000	1.394489
0.987200	-1.520000	1.385689
0.987600	-1.520000	1.386289
0.988000	-1.520000	1.388289
0.988400	-1.520000	1.389889
0.988800	-1.520000	1.391489
0.989200	-1.520000	1.392289
0.989600	-1.520000	1.393289
0.990000	-1.520000	1.394289
0.990400	-1.520000	1.395089
0.990800	-1.520000	1.395689
0.991200	-1.520000	1.396489
0.991600	-1.520000	1.396489
0.992000	-1.440000	1.397689
0.992400	-1.520000	1.397889
0.992800	-1.520000	1.398289
0.993200	-1.520000	1.398890
0.993600	-1.520000	1.398489
0.994000	-1.520000	1.399290
0.994400	-1.520000	1.399290
0.994800	-1.520000	1.399690
0.995200	-1.440000	1.399890
0.995600	-1.520000	1.399690
0.996000	-1.520000	1.400290
0.996400	-1.440000	1.400290
0.996800	-1.520000	1.400490
0.997200	-1.440000	1.400490
0.997600	-1.440000	1.401090
0.998000	-1.440000	1.401090
0.998400	-1.520000	1.400890
0.998800	-1.520000	1.401490
0.999200	-1.440000	1.401090
0.999600	-1.440000	1.401290
